t	P	cov	vg_standard.mean	vg_standard.CI95l	vg_standard.CI95r	vg_standard_ganc.mean	vg_standard_ganc.CI95l	vg_standard_ganc.CI95r	vg_VarX.mean	vg_VarX.CI95l	vg_VarX.CI95r	vg_Varx_ganc.mean	vg_Varx_ganc.CI95l	vg_Varx_ganc.CI95r	vg_LD.mean	vg_LD.CI95l	vg_LD.CI95r	vg_LD_ganc.mean	vg_LD_ganc.CI95l	vg_LD_ganc.CI95r	model	manc	vanc	exp1	exp2	exp3	exp4	exp.total
 0	0.0	neg	0.33546988	0.32660324	0.34448830	0.9223212	0.9051365	0.9375363	0.37314558	0.36254866	0.38246701	0.9429739	0.9270252	0.9581010	0.9084656	0.8984045	0.9168572	0.9044656	0.8957190	0.9156439	CGF	0.03410000	0.03294048	0.9156968	0.01219686	0.012198085	-0.02370703	0.9163847
 0	0.0	pos	2.69805696	2.60054442	2.77397460	0.9323095	0.9153460	0.9490371	2.83535014	2.74865664	2.91685583	0.9521230	0.9376110	0.9724294	1.0548407	1.0435026	1.0669574	0.9087426	0.9007795	0.9184061	CGF	0.03410000	0.03294048	0.9156968	0.01219686	0.012198085	 0.12698167	1.0670734
 0	0.9	neg	0.33680600	0.32633709	0.34541625	0.9247403	0.9116037	0.9401472	0.37577626	0.36436980	0.38636669	0.9449037	0.9273968	0.9592259	0.9105188	0.9023878	0.9179122	0.9094654	0.9016804	0.9172293	CGF	0.03410000	0.03294048	0.9156968	0.01219686	0.012198085	-0.02370703	0.9163847
 0	0.9	pos	2.74541630	2.66442037	2.80786915	0.9293911	0.9134886	0.9423814	2.87134378	2.78328884	2.93942197	0.9495446	0.9373280	0.9630732	1.0571535	1.0495712	1.0668416	0.9073895	0.8986532	0.9149379	CGF	0.03410000	0.03294048	0.9156968	0.01219686	0.012198085	 0.12698167	1.0670734
 1	0.0	neg	0.25657897	0.25042906	0.26339722	0.9408843	0.9228611	0.9558250	0.28889620	0.28358377	0.29364823	0.9620094	0.9457523	0.9760164	0.9192519	0.9093249	0.9292958	0.9157405	0.9052140	0.9239440	CGF	0.06703621	0.04663015	0.9151119	0.02315986	0.017267461	-0.03355939	0.9219798
 1	0.0	pos	3.35228201	3.27909491	3.43122581	0.9458935	0.9314809	0.9594787	3.56328636	3.47606447	3.67493057	0.9679720	0.9536675	0.9823226	1.1269985	1.1149317	1.1375892	0.9146288	0.9068694	0.9231419	CGF	0.06703660	0.04668021	0.9151119	0.02315999	0.017285997	 0.17994667	1.1355045
 1	0.9	neg	0.18146391	0.17095863	0.19473089	0.9466593	0.9293706	0.9652842	0.21461246	0.20028176	0.23220335	0.9745584	0.9501767	0.9946764	0.9153575	0.8995583	0.9277465	0.9145003	0.9004981	0.9264987	CGF	0.06684838	0.06096154	0.9151152	0.02309962	0.022574473	-0.04387359	0.9169157
 1	0.9	pos	3.61368909	3.53167639	3.69394268	0.9516597	0.9402615	0.9633245	3.94860534	3.85687244	4.02972320	0.9805180	0.9675023	0.9928399	1.1852313	1.1785895	1.1927521	0.9127197	0.9063929	0.9203294	CGF	0.06704778	0.06093431	0.9151117	0.02316357	0.022564386	 0.23489454	1.1957342
10	0.0	neg	0.57462824	0.56591070	0.58271795	0.9887025	0.9758267	1.0024658	0.59196292	0.58184477	0.59967224	1.0011943	0.9863265	1.0147558	0.9776058	0.9701910	0.9858311	0.9795215	0.9722140	0.9861388	CGF	0.31750231	0.03408274	0.9106641	0.08024348	0.012621069	-0.02452911	0.9789995
10	0.0	pos	3.11976349	3.05199820	3.18713632	0.9807261	0.9612376	0.9986335	3.16015897	3.07710666	3.22833703	0.9938001	0.9768040	1.0116742	1.1287802	1.1172221	1.1382410	0.9682251	0.9566436	0.9805466	CGF	0.31781317	0.03400500	0.9106586	0.08028546	0.012592282	 0.13108526	1.1346216
10	0.9	neg	0.06876331	0.06473664	0.07217988	0.9886331	0.9711148	1.0086804	0.08465856	0.07932799	0.08942886	1.0364578	1.0153758	1.0651350	0.9286353	0.9217034	0.9375733	0.9269639	0.9206245	0.9353939	CGF	0.31583699	0.16821711	0.9106937	0.08001736	0.062291937	-0.12106467	0.9319383
10	0.9	pos	5.73127080	5.64851702	5.79170191	0.9993786	0.9816842	1.0182395	6.59547158	6.50203029	6.68540193	1.0449556	1.0293342	1.0607535	1.7038239	1.6859637	1.7196288	0.9221271	0.9127537	0.9299854	CGF	0.31879951	0.16923092	0.9106411	0.08041818	0.062667356	 0.65236518	1.7060918
11	0.0	neg	0.60490508	0.59202394	0.61943470	0.9856029	0.9692256	1.0051477	0.62165923	0.61105999	0.63618018	0.9970575	0.9818603	1.0154162	0.9775544	0.9671412	0.9871455	0.9782137	0.9706355	0.9865730	CGF	0.34101640	0.03184408	0.9102465	0.08321690	0.011792077	-0.02291796	0.9823376
11	0.0	pos	2.95432865	2.88283974	3.02463492	0.9904595	0.9723955	1.0125130	2.98754178	2.90703924	3.06522330	1.0006883	0.9772712	1.0215975	1.1273024	1.1127488	1.1425554	0.9773297	0.9660756	0.9911585	CGF	0.34140522	0.03173040	0.9102396	0.08326263	0.011749983	 0.12231695	1.1275692
11	0.9	neg	0.07808368	0.07342504	0.08312161	0.9880095	0.9744345	1.0022857	0.09599629	0.09080818	0.09982226	1.0319444	1.0149433	1.0460166	0.9300112	0.9228448	0.9355375	0.9267992	0.9191465	0.9341717	CGF	0.33832595	0.16980923	0.9102943	0.08289743	0.062881508	-0.12221050	0.9338628
11	0.9	pos	5.73133266	5.66357637	5.81157602	0.9879446	0.9707861	1.0020022	6.59271846	6.51663714	6.68651492	1.0311170	1.0100506	1.0478413	1.7045588	1.6936312	1.7156382	0.9227495	0.9127882	0.9315977	CGF	0.34298254	0.17064113	0.9102116	0.08344697	0.063189568	 0.65780139	1.7146496
12	0.0	neg	0.66232399	0.65610334	0.66932620	1.0207188	1.0129116	1.0296294	0.67801367	0.67131017	0.68564102	1.0324475	1.0236746	1.0407554	0.9913974	0.9833856	1.0006015	1.0009604	0.9959402	1.0058568	CGF	0.36345495	0.02972011	0.9098481	0.08567249	0.011005557	-0.02138935	0.9851368
12	0.0	pos	2.71975783	2.63175994	2.79772154	0.9991843	0.9847666	1.0118691	2.74091924	2.65517966	2.82733841	1.0112302	0.9973867	1.0240230	1.1172924	1.1058993	1.1274100	0.9828353	0.9761478	0.9896824	CGF	0.36405368	0.02984207	0.9098374	0.08573291	0.011050723	 0.11503767	1.1216587
12	0.9	neg	0.06975361	0.06424039	0.07600498	0.9819229	0.9617968	1.0037322	0.08530869	0.07926567	0.09257684	1.0252644	1.0040657	1.0469899	0.9287699	0.9190941	0.9411784	0.9276185	0.9171503	0.9378555	CGF	0.36084346	0.17068501	0.9098945	0.08540587	0.063205816	-0.12284080	0.9356653
12	0.9	pos	5.83360216	5.73434977	5.92109849	1.0047131	0.9874449	1.0184514	6.69249659	6.56845168	6.79029390	1.0485211	1.0347087	1.0652589	1.7178877	1.7073620	1.7321808	0.9290622	0.9211439	0.9370738	CGF	0.36649445	0.17058565	0.9097941	0.08597645	0.063169023	 0.65758751	1.7165271
13	0.0	neg	0.68663960	0.67399015	0.70337949	1.0137312	0.9902575	1.0399981	0.69973955	0.68572166	0.71287711	1.0248560	1.0011476	1.0517437	0.9917975	0.9797283	1.0052016	0.9995048	0.9859204	1.0133364	CGF	0.38563071	0.02784801	0.9094543	0.08773296	0.010312308	-0.02004202	0.9874575
13	0.0	pos	2.60890465	2.52854558	2.68118017	0.9878305	0.9701061	1.0051242	2.63133724	2.54435836	2.70249103	0.9986819	0.9759042	1.0190201	1.1048755	1.0880662	1.1191182	0.9755738	0.9637899	0.9861729	CGF	0.38577893	0.02762402	0.9094516	0.08774551	0.010229363	 0.10648734	1.1139139
13	0.9	neg	0.07598255	0.07103311	0.08089850	1.0000368	0.9820635	1.0197870	0.09291958	0.08756330	0.10156720	1.0453285	1.0274816	1.0634788	0.9379884	0.9270447	0.9463732	0.9347776	0.9252074	0.9425274	CGF	0.38392322	0.17104580	0.9094846	0.08758725	0.063339420	-0.12310046	0.9373108
13	0.9	pos	5.81154375	5.71308621	5.92595892	1.0137340	0.9999412	1.0281920	6.65949788	6.54261809	6.79701056	1.0608871	1.0445625	1.0754392	1.7210369	1.7071415	1.7398510	0.9411401	0.9316846	0.9511761	CGF	0.38904378	0.17008453	0.9093937	0.08801774	0.062983456	 0.65565577	1.7160506
14	0.0	neg	0.71254189	0.70227956	0.72357033	1.0028136	0.9862017	1.0186491	0.72649615	0.71648283	0.73698973	1.0096778	0.9913052	1.0259020	0.9894124	0.9820444	0.9968421	0.9898657	0.9772741	0.9982821	CGF	0.40657763	0.02597903	0.9090823	0.08934475	0.009620211	-0.01869692	0.9893503
14	0.0	pos	2.50344289	2.46944680	2.54030700	0.9905672	0.9757918	1.0075834	2.52128262	2.48934849	2.55316222	0.9997883	0.9838561	1.0172171	1.1048705	1.0964077	1.1140238	0.9807718	0.9690183	0.9911980	CGF	0.40659096	0.02578164	0.9090821	0.08934568	0.009547115	 0.09938516	1.1073600
14	0.9	neg	0.08231338	0.07795004	0.08587392	1.0081169	0.9897145	1.0315985	0.09997539	0.09511883	0.10441301	1.0486072	1.0278380	1.0685293	0.9453598	0.9346963	0.9561641	0.9413962	0.9318785	0.9501428	CGF	0.40386795	0.16942005	0.9091304	0.08915455	0.062737393	-0.12193041	0.9390920
14	0.9	pos	5.82994515	5.71429225	5.94615399	0.9966793	0.9790291	1.0123831	6.65500446	6.55277341	6.77833835	1.0427191	1.0202395	1.0556344	1.6968447	1.6801338	1.7149321	0.9288887	0.9182251	0.9378643	CGF	0.41028249	0.16803820	0.9090165	0.08959601	0.062225686	 0.64776741	1.7086056
15	0.0	neg	0.74732259	0.73690245	0.75489082	1.0119051	0.9990677	1.0259321	0.75920768	0.74899927	0.76657639	1.0202119	1.0080782	1.0308350	0.9978103	0.9893237	1.0068710	1.0007402	0.9925578	1.0107646	CGF	0.42703799	0.02419542	0.9087190	0.09060538	0.008959727	-0.01741327	0.9908708
15	0.0	pos	2.29500531	2.24537517	2.34296484	0.9938448	0.9803978	1.0081444	2.31362507	2.26334489	2.36404204	1.0006853	0.9882021	1.0189043	1.0939437	1.0872029	1.1007066	0.9831191	0.9768327	0.9900355	CGF	0.42697642	0.02421440	0.9087201	0.09060206	0.008966757	 0.09334365	1.1016325
15	0.9	neg	0.07363222	0.07001731	0.07711352	0.9966395	0.9750331	1.0211295	0.09013061	0.08544353	0.09381450	1.0405599	1.0189047	1.0636059	0.9389441	0.9291841	0.9489545	0.9366040	0.9275901	0.9492930	CGF	0.42536931	0.16690919	0.9087486	0.09051418	0.061807606	-0.12012337	0.9409470
15	0.9	pos	5.92194378	5.80513150	6.02311697	1.0177715	1.0011799	1.0337800	6.77187631	6.67688831	6.89169370	1.0586221	1.0392150	1.0757564	1.7156269	1.7013381	1.7306085	0.9407881	0.9325052	0.9488272	CGF	0.43085521	0.16664667	0.9086512	0.09080626	0.061710392	 0.64240321	1.7035710
16	0.0	neg	0.75475484	0.74569859	0.76498017	0.9826908	0.9684276	0.9958517	0.76637209	0.75444078	0.77587429	0.9919213	0.9770147	1.0065996	0.9854351	0.9790180	0.9919751	0.9822032	0.9739609	0.9892490	CGF	0.44678661	0.02266135	0.9083683	0.09152811	0.008391651	-0.01630921	0.9919788
16	0.0	pos	2.22543767	2.16408481	2.29076661	0.9872566	0.9726979	0.9988210	2.23872430	2.17158092	2.30199836	0.9966259	0.9786333	1.0150296	1.0904225	1.0820356	1.0985707	0.9822618	0.9756042	0.9892719	CGF	0.44630891	0.02249711	0.9083768	0.09150920	0.008330834	 0.08672371	1.0949405
16	0.9	neg	0.07835376	0.07220550	0.08406785	0.9986740	0.9770830	1.0176133	0.09508031	0.09005022	0.10140163	1.0402780	1.0176292	1.0581758	0.9431484	0.9318520	0.9530477	0.9405663	0.9295177	0.9510681	CGF	0.44570684	0.16439516	0.9083874	0.09148512	0.060876642	-0.11831404	0.9424352
16	0.9	pos	5.89413296	5.81402585	5.96486740	1.0043726	0.9876441	1.0227931	6.71032823	6.62336601	6.78133128	1.0440512	1.0265815	1.0679542	1.6964158	1.6861436	1.7084307	0.9382173	0.9293813	0.9500843	CGF	0.45030658	0.16427818	0.9083058	0.09166225	0.060833325	 0.63327297	1.6940743
17	0.0	neg	0.78955787	0.77657258	0.80360371	0.9949654	0.9792189	1.0151539	0.79915541	0.78482075	0.81392016	1.0030392	0.9879357	1.0201097	0.9911412	0.9827979	0.9998873	0.9879309	0.9767872	0.9991455	CGF	0.46593124	0.02121288	0.9080283	0.09214689	0.007855274	-0.01526676	0.9927637
17	0.0	pos	2.16285342	2.10877155	2.23618331	1.0061154	0.9861759	1.0276020	2.17477368	2.10937892	2.25269553	1.0130566	0.9925329	1.0345699	1.0954701	1.0823423	1.1104046	0.9920116	0.9779349	1.0038774	CGF	0.46513252	0.02112405	0.9080425	0.09212650	0.007822378	 0.08143070	1.0894221
17	0.9	neg	0.08545267	0.07914772	0.09245008	0.9860744	0.9750348	0.9993293	0.10201246	0.09294544	0.10887208	1.0282795	1.0148739	1.0404358	0.9373816	0.9306131	0.9442089	0.9348577	0.9277394	0.9412408	CGF	0.46445499	0.16111896	0.9080545	0.09210883	0.059663444	-0.11595618	0.9438706
17	0.9	pos	5.92950281	5.87545663	5.98840888	1.0085133	0.9954495	1.0221035	6.72950944	6.65310740	6.80567150	1.0524818	1.0375243	1.0651099	1.6868667	1.6747689	1.6989689	0.9378071	0.9279069	0.9493633	CGF	0.46882046	0.16103757	0.9079770	0.09221670	0.059633304	 0.62078080	1.6806078
18	0.0	neg	0.80671903	0.79116118	0.82276337	0.9898597	0.9686530	1.0140909	0.81482313	0.79596969	0.83124814	0.9981762	0.9733723	1.0255148	0.9919870	0.9816420	1.0001216	0.9902395	0.9777145	1.0048324	CGF	0.48397273	0.01970364	0.9077079	0.09248157	0.007296390	-0.01418057	0.9933053
18	0.0	pos	2.02781566	1.97101438	2.08955682	1.0028893	0.9830765	1.0232986	2.03989173	1.99665263	2.09091453	1.0111855	0.9942424	1.0282386	1.0820114	1.0692090	1.0936496	0.9850511	0.9721809	0.9969724	CGF	0.48335433	0.01972160	0.9077189	0.09247409	0.007303040	 0.07602442	1.0835204
18	0.9	neg	0.08751263	0.08124722	0.09359022	0.9998873	0.9779151	1.0229000	0.10505630	0.09776410	0.11123174	1.0386223	1.0125396	1.0581131	0.9432268	0.9328771	0.9539850	0.9415675	0.9300408	0.9539687	CGF	0.48300550	0.15727073	0.9077251	0.09246975	0.058238417	-0.11318663	0.9452466
18	0.9	pos	5.83468678	5.77293818	5.90053726	1.0015447	0.9822653	1.0197840	6.58932773	6.50961059	6.65716190	1.0448785	1.0214306	1.0697437	1.6600568	1.6432589	1.6772733	0.9392989	0.9240814	0.9551771	CGF	0.48668640	0.15731794	0.9076597	0.09251106	0.058255901	 0.60644208	1.6648688
19	0.0	neg	0.82213457	0.80356886	0.84159213	0.9881843	0.9730925	1.0009814	0.83287951	0.81813439	0.85033569	0.9935346	0.9796754	1.0126459	0.9868335	0.9778962	0.9940229	0.9902253	0.9804545	1.0001084	CGF	0.50123582	0.01838848	0.9074014	0.09257613	0.006809379	-0.01323406	0.9935528
19	0.0	pos	1.90478529	1.86347642	1.94955019	1.0160663	1.0006724	1.0345150	1.91230065	1.86685140	1.95316353	1.0210883	1.0092706	1.0327276	1.0816945	1.0688180	1.0941063	0.9946475	0.9823932	1.0073487	CGF	0.50103657	0.01839299	0.9074049	0.09257630	0.006811049	 0.07090281	1.0776950
19	0.9	neg	0.09162160	0.08586058	0.09624559	1.0025249	0.9950008	1.0122284	0.10978455	0.10394578	0.11585524	1.0433559	1.0330778	1.0542553	0.9504100	0.9412119	0.9565262	0.9471401	0.9400880	0.9544621	CGF	0.50055598	0.15296966	0.9074134	0.09257658	0.056645702	-0.11009119	0.9465445
19	0.9	pos	5.85950671	5.73456278	5.97632463	0.9946619	0.9795493	1.0122746	6.60490209	6.46568283	6.75120147	1.0358011	1.0218118	1.0538315	1.6449551	1.6258669	1.6581502	0.9380005	0.9291834	0.9491233	CGF	0.50424627	0.15300181	0.9073479	0.09257002	0.056657608	 0.58980390	1.6463794
 2	0.0	neg	0.25996199	0.25014232	0.27213323	0.9471379	0.9351034	0.9621856	0.28877275	0.27636017	0.30385678	0.9690430	0.9568204	0.9812670	0.9236207	0.9175528	0.9293366	0.9212660	0.9140461	0.9296880	CGF	0.09842479	0.05117737	0.9145545	0.03286004	0.018951328	-0.03683199	0.9295339
 2	0.0	pos	3.63401295	3.55083830	3.72334453	0.9565628	0.9427485	0.9709456	3.83412960	3.74410167	3.92944077	0.9783536	0.9593157	0.9938166	1.1622674	1.1511364	1.1751101	0.9278294	0.9207886	0.9334036	CGF	0.09908992	0.05123072	0.9145427	0.03305770	0.018971082	 0.19748836	1.1640598
 2	0.9	neg	0.12658033	0.11898361	0.13508973	0.9540155	0.9395560	0.9686813	0.15371188	0.14542699	0.16067150	0.9878989	0.9720880	1.0039220	0.9169560	0.9080605	0.9261982	0.9141916	0.9055986	0.9233116	CGF	0.09785216	0.08385136	0.9145647	0.03268961	0.031050729	-0.06034724	0.9179578
 2	0.9	pos	4.20687744	4.10705617	4.29629135	0.9642616	0.9517583	0.9773531	4.67402628	4.57709630	4.78997446	1.0000447	0.9831754	1.0150248	1.3006659	1.2877905	1.3150944	0.9124765	0.9048214	0.9199961	CGF	0.09934524	0.08517273	0.9145382	0.03313348	0.031540040	 0.32833081	1.3075425
20	0.0	neg	0.84208890	0.83160201	0.85260160	0.9956647	0.9800229	1.0096980	0.84952561	0.83735306	0.86228451	1.0019315	0.9828208	1.0170790	0.9903700	0.9819793	0.9983880	0.9973193	0.9882661	1.0075400	CGF	0.51816973	0.01699343	0.9071006	0.09245444	0.006292784	-0.01223005	0.9936178
20	0.0	pos	1.80805438	1.77405734	1.83897862	0.9947082	0.9824952	1.0091437	1.81695077	1.77776671	1.85464996	1.0012666	0.9870567	1.0133399	1.0679738	1.0610062	1.0739443	0.9852516	0.9772272	0.9922748	CGF	0.51811118	0.01708839	0.9071017	0.09245523	0.006327946	 0.06587372	1.0717586
20	0.9	neg	0.09196246	0.08620099	0.09880633	0.9799353	0.9613695	1.0091939	0.10964969	0.10471582	0.11636758	1.0180682	0.9952163	1.0401481	0.9355664	0.9256906	0.9459222	0.9346800	0.9253075	0.9460964	CGF	0.51754978	0.14922585	0.9071117	0.09246264	0.055259345	-0.10739679	0.9474368
20	0.9	pos	5.85039234	5.78498267	5.90547759	1.0021775	0.9798944	1.0315469	6.56612348	6.50531543	6.63861461	1.0447759	1.0142601	1.0823064	1.6311873	1.6121460	1.6521226	0.9418107	0.9290109	0.9545348	CGF	0.52022745	0.14892003	0.9070641	0.09242518	0.055146096	 0.57406910	1.6287045
 3	0.0	neg	0.27834773	0.27431996	0.28263297	0.9701531	0.9616978	0.9788801	0.30658902	0.30116964	0.31102706	0.9932642	0.9839044	1.0012563	0.9417235	0.9350328	0.9482477	0.9426300	0.9366084	0.9483315	CGF	0.12910522	0.05153248	0.9140097	0.04163621	0.019082825	-0.03708756	0.9376411
 3	0.0	pos	3.74199423	3.66121308	3.82679115	0.9648170	0.9573685	0.9743367	3.92537341	3.81984063	4.00648388	0.9861440	0.9781186	0.9942737	1.1687105	1.1617044	1.1743137	0.9321478	0.9282911	0.9359452	CGF	0.13012538	0.05180851	0.9139916	0.04191605	0.019185043	 0.19971568	1.1748083
 3	0.9	neg	0.10350836	0.09842312	0.10894272	0.9687434	0.9527417	0.9847746	0.12624367	0.12003904	0.13266452	1.0082856	0.9913763	1.0220566	0.9214001	0.9144712	0.9296345	0.9208095	0.9128994	0.9275904	CGF	0.12700406	0.10271166	0.9140470	0.04105740	0.038034825	-0.07392086	0.9192184
 3	0.9	pos	4.54706278	4.47181850	4.65324486	0.9697219	0.9597819	0.9787231	5.12716707	5.02697538	5.22658444	1.0081390	0.9988527	1.0162506	1.3916159	1.3805058	1.4061419	0.9119726	0.9032896	0.9207266	CGF	0.13073470	0.10562268	0.9139807	0.04208282	0.039112794	 0.40716294	1.4023393
 4	0.0	neg	0.31806448	0.30810090	0.32611120	0.9715963	0.9501310	1.0002662	0.34427456	0.33551427	0.35201653	0.9920788	0.9704985	1.0123228	0.9452488	0.9329633	0.9581323	0.9473664	0.9350182	0.9588522	CGF	0.15912744	0.04974533	0.9134765	0.04954923	0.018421031	-0.03580136	0.9456454
 4	0.0	pos	3.70011499	3.62927397	3.78485122	0.9812998	0.9708672	0.9934437	3.85223862	3.76533388	3.92695939	1.0019854	0.9899379	1.0186161	1.1696935	1.1611508	1.1792913	0.9465856	0.9398801	0.9537338	CGF	0.16016624	0.05019302	0.9134581	0.04981108	0.018586816	 0.19348817	1.1753442
 4	0.9	neg	0.08550119	0.08075008	0.09229858	0.9580882	0.9384874	0.9754919	0.10505525	0.09994430	0.11162370	0.9986025	0.9770965	1.0169961	0.9142994	0.9032756	0.9239336	0.9095515	0.8985997	0.9201403	CGF	0.15710167	0.11963947	0.9135125	0.04903630	0.044303306	-0.08610368	0.9207484
 4	0.9	pos	4.80663704	4.76493923	4.86638320	0.9670463	0.9541743	0.9827688	5.47467184	5.42374878	5.52598500	1.0060551	0.9939526	1.0224106	1.4636075	1.4536121	1.4733284	0.9101770	0.9017122	0.9197157	CGF	0.16011776	0.12201886	0.9134590	0.04979888	0.045184413	 0.47036829	1.4788105
 5	0.0	neg	0.36460399	0.35548848	0.37380142	0.9811812	0.9656349	0.9983471	0.38995908	0.38046523	0.39870477	1.0007498	0.9848421	1.0225688	0.9578065	0.9468878	0.9669245	0.9543858	0.9449759	0.9647469	CGF	0.18801187	0.04747042	0.9129636	0.05653230	0.017578617	-0.03416412	0.9529104
 5	0.0	pos	3.74237413	3.68784082	3.80329074	0.9649272	0.9491639	0.9834678	3.86297340	3.80383296	3.92687713	0.9828567	0.9682694	0.9959320	1.1614891	1.1511401	1.1704176	0.9422743	0.9291040	0.9533185	CGF	0.18910682	0.04766128	0.9129442	0.05678485	0.017649296	 0.18372861	1.1711069
 5	0.9	neg	0.07955075	0.07331086	0.08626886	0.9664116	0.9498453	0.9832004	0.09791831	0.09199905	0.10471147	1.0101768	0.9930947	1.0259205	0.9152224	0.9076895	0.9221865	0.9123317	0.9031692	0.9230797	CGF	0.18643582	0.13326082	0.9129916	0.05616721	0.049347385	-0.09590687	0.9225993
 5	0.9	pos	5.08623549	5.01407073	5.16171998	0.9696339	0.9505019	0.9890960	5.82230958	5.74125450	5.89342001	1.0130216	0.9964179	1.0322643	1.5331228	1.5170944	1.5497216	0.9105292	0.9009913	0.9224000	CGF	0.18882550	0.13581048	0.9129492	0.05672005	0.050291543	 0.52353336	1.5434941
 6	0.0	neg	0.40115342	0.39620790	0.40642797	0.9805219	0.9664545	0.9939484	0.42581520	0.42014204	0.43350706	0.9990470	0.9873017	1.0131225	0.9612736	0.9523126	0.9668335	0.9596813	0.9536152	0.9662646	CGF	0.21570966	0.04477407	0.9124717	0.06264813	0.016580142	-0.03222358	0.9594764
 6	0.0	pos	3.65512927	3.59383229	3.72007600	0.9787791	0.9581270	0.9994794	3.75889995	3.70652806	3.81061222	0.9960617	0.9768382	1.0129146	1.1627701	1.1506806	1.1746617	0.9571977	0.9463791	0.9668630	CGF	0.21680725	0.04482343	0.9124523	0.06287878	0.016598420	 0.17278902	1.1647185
 6	0.9	neg	0.08036416	0.07528661	0.08575646	0.9845855	0.9746223	0.9935131	0.09906725	0.09144263	0.10544475	1.0280966	1.0157775	1.0378347	0.9262150	0.9217248	0.9306936	0.9232903	0.9191039	0.9297829	CGF	0.21448166	0.14386369	0.9124936	0.06238902	0.053273698	-0.10353768	0.9246186
 6	0.9	pos	5.25723123	5.13891732	5.34901351	0.9924702	0.9783267	1.0070813	6.05520501	5.92830748	6.15038822	1.0385536	1.0225997	1.0531682	1.5957440	1.5790411	1.6069233	0.9223679	0.9148634	0.9319955	CGF	0.21670772	0.14653144	0.9124540	0.06285790	0.054261584	 0.56486136	1.5944349
 7	0.0	neg	0.43584650	0.42377151	0.44919639	0.9777679	0.9510675	1.0019583	0.45632054	0.44641673	0.47056193	0.9929962	0.9692776	1.0119393	0.9598598	0.9504259	0.9703044	0.9634741	0.9523261	0.9739261	CGF	0.24269026	0.04213504	0.9119926	0.06805931	0.015602889	-0.03032429	0.9653305
 7	0.0	pos	3.59093788	3.51847851	3.67314511	0.9801271	0.9629334	0.9959484	3.66444071	3.58397006	3.75150615	0.9943999	0.9747637	1.0179731	1.1549822	1.1445334	1.1673589	0.9571804	0.9476721	0.9665078	CGF	0.24308827	0.04194996	0.9119856	0.06813510	0.015534354	 0.16171213	1.1573671
 7	0.9	neg	0.07557200	0.07142091	0.07950681	0.9978316	0.9806969	1.0174860	0.09342687	0.08816559	0.09846461	1.0439102	1.0253205	1.0642734	0.9289380	0.9201720	0.9369304	0.9265148	0.9168596	0.9340508	CGF	0.24177035	0.15318351	0.9120090	0.06788369	0.056724894	-0.11024509	0.9263725
 7	0.9	pos	5.40517842	5.33840148	5.47714849	1.0104469	0.9959697	1.0276977	6.22695603	6.15633437	6.30486357	1.0572535	1.0381620	1.0724130	1.6437330	1.6280768	1.6662347	0.9299140	0.9206679	0.9381434	CGF	0.24377388	0.15548207	0.9119734	0.06826538	0.057576064	 0.59936499	1.6371798
 8	0.0	neg	0.48743395	0.47851996	0.49772500	0.9958076	0.9752730	1.0135558	0.50868122	0.49927663	0.51993334	1.0112688	0.9944289	1.0309607	0.9746347	0.9623497	0.9850398	0.9751272	0.9652663	0.9851610	CGF	0.26841900	0.03927577	0.9115357	0.07271723	0.014544084	-0.02826649	0.9705306
 8	0.0	pos	3.43713096	3.33569412	3.54213940	0.9929563	0.9698303	1.0123522	3.50373396	3.42207579	3.60785710	1.0086830	0.9848290	1.0308232	1.1502546	1.1360288	1.1644162	0.9665143	0.9532433	0.9824782	CGF	0.26914347	0.03928994	0.9115229	0.07284129	0.014549332	 0.15145808	1.1503716
 8	0.9	neg	0.07046035	0.06756038	0.07332681	0.9736941	0.9509516	0.9911125	0.08693622	0.08264497	0.09072877	1.0188928	0.9942304	1.0361797	0.9194287	0.9074442	0.9289625	0.9161765	0.9058119	0.9249231	CGF	0.26727072	0.16013323	0.9115561	0.07251980	0.059298422	-0.11524676	0.9281276
 8	0.9	pos	5.52464321	5.41436898	5.63952274	0.9889089	0.9769859	1.0011368	6.36620097	6.22776154	6.47591995	1.0338068	1.0219111	1.0476110	1.6664084	1.6513879	1.6814779	0.9208685	0.9128587	0.9297681	CGF	0.27066666	0.16223676	0.9114958	0.07310086	0.060077373	 0.62540353	1.6700776
 9	0.0	neg	0.53976065	0.53246712	0.54750890	1.0040862	0.9880350	1.0193897	0.55998186	0.55252495	0.56861713	1.0173310	0.9995611	1.0318204	0.9803971	0.9761041	0.9854726	0.9826385	0.9743029	0.9916172	CGF	0.29347931	0.03665135	0.9110907	0.07678282	0.013572244	-0.02637772	0.9750680
 9	0.0	pos	3.27688292	3.19093868	3.40549730	0.9791173	0.9663322	0.9963685	3.33574929	3.21190604	3.49159198	0.9910257	0.9750680	1.0054245	1.1369452	1.1253962	1.1515373	0.9659396	0.9572229	0.9756075	CGF	0.29414571	0.03655499	0.9110789	0.07688458	0.013536560	 0.14091515	1.1424152
 9	0.9	neg	0.07307782	0.06699214	0.08038138	0.9937210	0.9708486	1.0102657	0.08972794	0.08191210	0.09695477	1.0381165	1.0133413	1.0614020	0.9330805	0.9236262	0.9416526	0.9291635	0.9202226	0.9379154	CGF	0.29191471	0.16476250	0.9111185	0.07654260	0.061012671	-0.11857841	0.9300954
 9	0.9	pos	5.72059844	5.66388972	5.78059457	1.0000084	0.9895698	1.0124305	6.59285971	6.51783095	6.67517271	1.0456497	1.0334365	1.0594209	1.7042286	1.6887847	1.7148376	0.9275889	0.9193390	0.9361600	CGF	0.29475777	0.16626574	0.9110680	0.07697775	0.061569330	 0.64093476	1.6905499
