t	P	cov	model	vg_standard.mean	vg_standard.CI95l	vg_standard.CI95r	vg_standard_ganc.mean	vg_standard_ganc.CI95l	vg_standard_ganc.CI95r	vg_varX.mean	vg_varX.CI95l	vg_varX.CI95r	vg_varX_ganc.mean	vg_varX_ganc.CI95l	vg_varX_ganc.CI95r	vg_ld.mean	vg_ld.CI95l	vg_ld.CI95r	vg_ld_ganc.mean	vg_ld_ganc.CI95l	vg_ld_ganc.CI95r
 0	0.0	neg	CGF	0.9214417	0.9148174	0.9271596	0.9213668	0.9158143	0.9269089	0.9336654	0.9287652	0.9384071	0.9337488	0.9270277	0.9400372	0.9044828	0.8963848	0.9134882	0.9043208	0.8953992	0.9127252
 0	0.0	neg	HI	0.9996007	0.9922254	1.0060213	0.9992529	0.9922073	1.0056373	1.0906504	1.0845033	1.0980501	1.0902590	1.0830757	1.0971801	0.9034742	0.8932736	0.9122579	0.8987785	0.8897634	0.9102581
 0	0.0	pos	CGF	0.9267461	0.9216042	0.9329920	0.9262495	0.9211569	0.9313576	0.9392876	0.9335144	0.9450644	0.9392973	0.9340334	0.9441697	1.0607768	1.0468828	1.0740240	0.9350627	0.9260503	0.9456272
 0	0.0	pos	HI	1.0011680	0.9918023	1.0080221	0.9988845	0.9913762	1.0066396	1.0887952	1.0783031	1.0958826	1.0871245	1.0809342	1.0947356	2.0493318	2.0325711	2.0606873	0.9058638	0.8999352	0.9121806
 0	0.9	neg	CGF	0.9293308	0.9242135	0.9338134	0.9293123	0.9247611	0.9339295	0.9415199	0.9355230	0.9459942	0.9418165	0.9370872	0.9466748	0.9092075	0.8978182	0.9168804	0.9084446	0.9008290	0.9160467
 0	0.9	neg	HI	1.0004583	0.9948683	1.0074385	1.0009694	0.9950916	1.0064184	1.0909635	1.0842818	1.0987466	1.0920955	1.0853522	1.0990959	0.9049721	0.8976315	0.9105563	0.9000212	0.8923221	0.9063750
 0	0.9	pos	CGF	0.9265411	0.9196962	0.9334513	0.9267636	0.9202361	0.9338005	0.9396839	0.9313399	0.9467558	0.9398765	0.9335036	0.9471121	1.0635949	1.0562428	1.0712919	0.9316884	0.9230018	0.9398182
 0	0.9	pos	HI	1.0006002	0.9937224	1.0077834	1.0009591	0.9942844	1.0083621	1.0893764	1.0822751	1.0982458	1.0895797	1.0800194	1.0982947	2.0609909	2.0499336	2.0768002	0.9083810	0.8989887	0.9157381
 1	0.0	neg	CGF	0.9388879	0.9337011	0.9449001	0.9382669	0.9329969	0.9441529	0.9557579	0.9510072	0.9614453	0.9555382	0.9505378	0.9608525	0.9164464	0.9077003	0.9252293	0.9161360	0.9036168	0.9247580
 1	0.0	neg	HI	0.9990657	0.9920678	1.0067361	0.9993011	0.9905743	1.0081732	1.0438023	1.0376133	1.0526199	1.0440279	1.0366862	1.0539264	0.9523711	0.9417111	0.9668571	0.9509645	0.9421598	0.9624069
 1	0.0	pos	CGF	0.9369663	0.9280607	0.9446431	0.9369773	0.9277997	0.9457511	0.9541336	0.9462140	0.9624749	0.9542770	0.9436700	0.9638806	1.1332494	1.1202412	1.1446784	0.9398952	0.9289196	0.9499806
 1	0.0	pos	HI	1.0030270	0.9955426	1.0120001	1.0027958	0.9941217	1.0107892	1.0488722	1.0406491	1.0578403	1.0489223	1.0411756	1.0568021	1.5271721	1.5140694	1.5405477	0.9668158	0.9586061	0.9759071
 1	0.9	neg	CGF	0.9417792	0.9366078	0.9482375	0.9418273	0.9368481	0.9476834	0.9645494	0.9584981	0.9703598	0.9649627	0.9594603	0.9702412	0.9156111	0.9026426	0.9276209	0.9132090	0.9019094	0.9251604
 1	0.9	neg	HI	0.9973781	0.9910659	1.0047069	0.9977624	0.9907393	1.0049418	1.0839032	1.0740233	1.0924140	1.0825323	1.0754367	1.0888438	0.9121342	0.9001702	0.9219153	0.9065867	0.8968724	0.9147834
 1	0.9	pos	CGF	0.9392746	0.9355658	0.9425305	0.9386930	0.9346836	0.9430453	0.9620777	0.9581102	0.9673082	0.9617820	0.9577621	0.9660514	1.1949185	1.1872832	1.2023805	0.9305556	0.9245649	0.9369249
 1	0.9	pos	HI	1.0031607	0.9952499	1.0105130	1.0019521	0.9932547	1.0090892	1.0870048	1.0762584	1.0962381	1.0858180	1.0773277	1.0950617	2.0087990	1.9898220	2.0290822	0.9156422	0.9023862	0.9263910
 2	0.0	neg	CGF	0.9437430	0.9380252	0.9502292	0.9431591	0.9381058	0.9493794	0.9626693	0.9573995	0.9692589	0.9625759	0.9573370	0.9678505	0.9217411	0.9137518	0.9296074	0.9218535	0.9159125	0.9293530
 2	0.0	neg	HI	1.0006629	0.9942922	1.0081007	1.0001372	0.9930538	1.0053815	1.0232928	1.0171779	1.0287476	1.0224725	1.0162093	1.0288623	0.9795761	0.9717564	0.9879081	0.9789501	0.9722953	0.9876565
 2	0.0	pos	CGF	0.9514075	0.9449893	0.9582541	0.9512202	0.9448778	0.9572404	0.9711688	0.9651056	0.9788938	0.9706461	0.9636343	0.9787825	1.1652285	1.1557862	1.1762038	0.9561786	0.9473392	0.9656868
 2	0.0	pos	HI	0.9965884	0.9898850	1.0050025	0.9958887	0.9898657	1.0041189	1.0206320	1.0142752	1.0287017	1.0195054	1.0125784	1.0258412	1.2641697	1.2548752	1.2733797	1.0013997	0.9919777	1.0102992
 2	0.9	neg	CGF	0.9501381	0.9460058	0.9541320	0.9500018	0.9455627	0.9538006	0.9813381	0.9761838	0.9850190	0.9812397	0.9775674	0.9854322	0.9145642	0.9040696	0.9232366	0.9129892	0.9016451	0.9217783
 2	0.9	neg	HI	0.9976349	0.9942953	1.0010941	0.9969661	0.9932266	1.0019964	1.0791872	1.0750360	1.0838295	1.0795225	1.0747393	1.0842060	0.9131644	0.9072092	0.9186901	0.9092827	0.9028168	0.9155781
 2	0.9	pos	CGF	0.9473250	0.9418705	0.9534940	0.9467871	0.9406792	0.9531789	0.9794774	0.9706382	0.9848941	0.9789697	0.9714948	0.9858631	1.3112100	1.2992775	1.3269190	0.9285221	0.9193929	0.9376310
 2	0.9	pos	HI	1.0115300	1.0052813	1.0174279	1.0108485	1.0053227	1.0168374	1.0937229	1.0877829	1.1004331	1.0937820	1.0875118	1.1005883	1.9746661	1.9623393	1.9885264	0.9239468	0.9149130	0.9316389
 3	0.0	neg	CGF	0.9572716	0.9512394	0.9629413	0.9573129	0.9512461	0.9629426	0.9770761	0.9714395	0.9824904	0.9766308	0.9696826	0.9819672	0.9421814	0.9372597	0.9474004	0.9414595	0.9356800	0.9462189
 3	0.0	neg	HI	0.9949745	0.9890107	1.0016241	0.9951116	0.9874380	1.0013694	1.0063478	1.0004362	1.0140362	1.0064748	0.9998356	1.0107224	0.9847955	0.9749177	0.9951432	0.9848046	0.9757352	0.9932485
 3	0.0	pos	CGF	0.9550214	0.9507384	0.9608370	0.9549234	0.9499724	0.9591067	0.9743271	0.9684059	0.9788628	0.9739159	0.9692647	0.9779230	1.1706306	1.1636110	1.1763880	0.9618983	0.9566130	0.9674809
 3	0.0	pos	HI	1.0020305	0.9962632	1.0086952	1.0008305	0.9944797	1.0075479	1.0138618	1.0069986	1.0204388	1.0138392	1.0080370	1.0198417	1.1351267	1.1208005	1.1537529	1.0316754	1.0178063	1.0453161
 3	0.9	neg	CGF	0.9606592	0.9575207	0.9638317	0.9604190	0.9575131	0.9637280	0.9987385	0.9953301	1.0024951	0.9989194	0.9957946	1.0018816	0.9208621	0.9098447	0.9283225	0.9195780	0.9099260	0.9268526
 3	0.9	neg	HI	1.0057709	1.0014716	1.0104996	1.0058809	1.0008652	1.0110562	1.0839773	1.0785963	1.0901976	1.0840422	1.0774541	1.0891034	0.9294647	0.9218935	0.9369973	0.9260552	0.9191110	0.9351360
 3	0.9	pos	CGF	0.9555815	0.9448436	0.9669153	0.9538392	0.9446353	0.9619685	0.9935484	0.9821992	1.0041418	0.9939465	0.9824791	1.0064611	1.4011342	1.3888046	1.4140354	0.9249755	0.9152729	0.9331267
 3	0.9	pos	HI	0.9969840	0.9829937	1.0128038	0.9959160	0.9825861	1.0094391	1.0734920	1.0583935	1.0898478	1.0711607	1.0583322	1.0849357	1.9112869	1.8941088	1.9275598	0.9176107	0.9025222	0.9344352
 4	0.0	neg	CGF	0.9667306	0.9623028	0.9721468	0.9663997	0.9609805	0.9718502	0.9846671	0.9799738	0.9894234	0.9850391	0.9792305	0.9917976	0.9464566	0.9351415	0.9564730	0.9489217	0.9369949	0.9617005
 4	0.0	neg	HI	0.9970700	0.9941408	0.9998673	0.9970094	0.9939772	0.9995488	1.0025008	0.9999398	1.0051485	1.0027116	0.9999718	1.0052173	0.9970364	0.9893852	1.0036622	0.9973361	0.9897992	1.0038819
 4	0.0	pos	CGF	0.9641964	0.9589163	0.9695798	0.9643095	0.9590619	0.9711861	0.9834652	0.9772856	0.9899285	0.9830707	0.9780760	0.9889581	1.1714621	1.1630532	1.1834584	0.9816581	0.9746525	0.9897343
 4	0.0	pos	HI	1.0043897	0.9980897	1.0120048	1.0035998	0.9963175	1.0096527	1.0094426	1.0040731	1.0168480	1.0096004	1.0025493	1.0163535	1.0750380	1.0676673	1.0814523	1.0394051	1.0317963	1.0466251
 4	0.9	neg	CGF	0.9616382	0.9575167	0.9664130	0.9621264	0.9578460	0.9665559	1.0066611	1.0021875	1.0111768	1.0060692	1.0007283	1.0103644	0.9121468	0.9011266	0.9215917	0.9122841	0.8999098	0.9213934
 4	0.9	neg	HI	1.0018039	0.9963795	1.0075231	1.0021942	0.9953867	1.0093603	1.0768980	1.0713174	1.0836598	1.0769356	1.0711790	1.0836558	0.9324437	0.9267829	0.9389373	0.9305928	0.9245038	0.9361552
 4	0.9	pos	CGF	0.9619049	0.9549588	0.9689224	0.9622592	0.9544948	0.9727890	1.0073021	1.0006803	1.0148483	1.0069719	1.0001975	1.0146180	1.4719479	1.4617175	1.4857572	0.9206965	0.9101046	0.9312298
 4	0.9	pos	HI	1.0060151	1.0011259	1.0105030	1.0048030	1.0006122	1.0087593	1.0789324	1.0739955	1.0836035	1.0782443	1.0742270	1.0827652	1.8701608	1.8551293	1.8853188	0.9279934	0.9202823	0.9344038
 5	0.0	neg	CGF	0.9663761	0.9586648	0.9744406	0.9672906	0.9593624	0.9746371	0.9845242	0.9777717	0.9917007	0.9840230	0.9775920	0.9904621	0.9554320	0.9460288	0.9639678	0.9548597	0.9434322	0.9653286
 5	0.0	neg	HI	0.9949103	0.9882266	1.0008755	0.9951737	0.9891103	1.0003664	0.9987002	0.9934282	1.0034937	0.9986327	0.9929134	1.0050849	0.9918427	0.9839432	0.9990380	0.9921537	0.9828695	1.0003283
 5	0.0	pos	CGF	0.9697297	0.9626335	0.9764122	0.9678692	0.9598162	0.9758859	0.9870142	0.9797062	0.9948783	0.9867110	0.9798974	0.9946358	1.1639700	1.1521455	1.1762039	0.9780268	0.9650621	0.9873998
 5	0.0	pos	HI	1.0031318	0.9986868	1.0094327	1.0034479	0.9978424	1.0087250	1.0063854	1.0013787	1.0116140	1.0065075	1.0014905	1.0114620	1.0402220	1.0287675	1.0522263	1.0284742	1.0156295	1.0438842
 5	0.9	neg	CGF	0.9668527	0.9613361	0.9713461	0.9671476	0.9620716	0.9722823	1.0158885	1.0108222	1.0207573	1.0159342	1.0117048	1.0198456	0.9147768	0.9059286	0.9224388	0.9122536	0.9030774	0.9187335
 5	0.9	neg	HI	1.0045627	0.9989888	1.0100317	1.0047594	1.0001677	1.0109070	1.0753726	1.0690353	1.0818832	1.0754075	1.0683223	1.0826021	0.9394482	0.9328937	0.9464041	0.9361389	0.9293721	0.9430480
 5	0.9	pos	CGF	0.9667766	0.9596400	0.9748750	0.9662241	0.9595764	0.9740160	1.0164230	1.0096284	1.0237472	1.0159809	1.0082204	1.0261192	1.5412494	1.5251022	1.5590651	0.9193281	0.9088429	0.9293071
 5	0.9	pos	HI	0.9946644	0.9873700	1.0051026	0.9938709	0.9862963	1.0036575	1.0660189	1.0568037	1.0768348	1.0638786	1.0537282	1.0732185	1.8252362	1.8147921	1.8350577	0.9297675	0.9210633	0.9378879
 6	0.0	neg	CGF	0.9735932	0.9690166	0.9774351	0.9734771	0.9693924	0.9773125	0.9898310	0.9857692	0.9933363	0.9901505	0.9869320	0.9937447	0.9597574	0.9540788	0.9650809	0.9594018	0.9539843	0.9659237
 6	0.0	neg	HI	0.9983416	0.9917606	1.0028037	0.9976541	0.9898268	1.0045304	0.9997622	0.9921471	1.0061619	0.9998271	0.9941743	1.0053653	1.0062056	1.0011411	1.0125932	1.0066009	1.0002176	1.0133304
 6	0.0	pos	CGF	0.9776368	0.9684674	0.9858011	0.9769195	0.9681107	0.9857930	0.9943701	0.9858199	1.0013735	0.9939168	0.9856200	1.0025199	1.1630964	1.1506811	1.1755618	0.9940608	0.9802643	1.0065359
 6	0.0	pos	HI	0.9971864	0.9925176	1.0012963	0.9975511	0.9933547	1.0016311	0.9986268	0.9943297	1.0027918	0.9986307	0.9942929	1.0028426	1.0150900	1.0053307	1.0249487	1.0129050	1.0018495	1.0240921
 6	0.9	neg	CGF	0.9757834	0.9716086	0.9812289	0.9761205	0.9718949	0.9812267	1.0285557	1.0236627	1.0339778	1.0283841	1.0220596	1.0341351	0.9257414	0.9204167	0.9306594	0.9233479	0.9181802	0.9273664
 6	0.9	neg	HI	1.0018772	0.9961776	1.0067907	1.0013449	0.9955730	1.0062385	1.0697712	1.0638391	1.0756882	1.0702498	1.0641325	1.0754843	0.9308624	0.9228228	0.9377248	0.9277408	0.9211318	0.9340945
 6	0.9	pos	CGF	0.9775904	0.9706839	0.9847336	0.9775751	0.9687647	0.9902916	1.0316854	1.0243201	1.0419126	1.0315302	1.0231908	1.0423859	1.6021503	1.5872148	1.6154151	0.9330676	0.9238126	0.9408536
 6	0.9	pos	HI	1.0012803	0.9970737	1.0071823	1.0010940	0.9952392	1.0071887	1.0676646	1.0626152	1.0757029	1.0670560	1.0620402	1.0736673	1.7686578	1.7551928	1.7834754	0.9306752	0.9221018	0.9384506
 7	0.0	neg	CGF	0.9800242	0.9729698	0.9859259	0.9807109	0.9735944	0.9892522	0.9960740	0.9887381	1.0031507	0.9956020	0.9898602	1.0021336	0.9607708	0.9464512	0.9745975	0.9629869	0.9455597	0.9783363
 7	0.0	neg	HI	0.9982667	0.9917991	1.0049423	0.9986318	0.9917853	1.0047724	0.9990876	0.9922163	1.0061096	0.9992211	0.9924863	1.0058598	0.9961191	0.9833142	1.0084157	0.9952520	0.9847274	1.0045386
 7	0.0	pos	CGF	0.9754305	0.9681890	0.9825263	0.9746947	0.9656802	0.9803671	0.9908169	0.9835387	0.9979395	0.9906509	0.9828305	0.9981751	1.1546732	1.1438501	1.1641008	0.9963262	0.9890561	1.0044524
 7	0.0	pos	HI	0.9996037	0.9927813	1.0056443	1.0004049	0.9949724	1.0057718	1.0007241	0.9950896	1.0057711	1.0004915	0.9944315	1.0074158	1.0103374	1.0045591	1.0153006	1.0103156	1.0044797	1.0156516
 7	0.9	neg	CGF	0.9757828	0.9701239	0.9816849	0.9755265	0.9701306	0.9819240	1.0315356	1.0264432	1.0372501	1.0314732	1.0251762	1.0381155	0.9285302	0.9210186	0.9373367	0.9260599	0.9183181	0.9347054
 7	0.9	neg	HI	0.9990327	0.9933445	1.0033356	0.9988364	0.9929436	1.0041721	1.0627974	1.0565505	1.0693740	1.0624493	1.0556802	1.0683947	0.9463640	0.9353588	0.9597497	0.9438911	0.9316348	0.9571301
 7	0.9	pos	CGF	0.9834550	0.9759442	0.9932171	0.9828945	0.9755800	0.9926547	1.0400402	1.0297899	1.0488737	1.0401172	1.0323155	1.0504673	1.6480964	1.6311563	1.6619424	0.9393208	0.9296746	0.9492638
 7	0.9	pos	HI	0.9983510	0.9911774	1.0050331	0.9978462	0.9880988	1.0081825	1.0619468	1.0529502	1.0716682	1.0623040	1.0528983	1.0721997	1.7442290	1.7314608	1.7624428	0.9441527	0.9334231	0.9598986
 8	0.0	neg	CGF	0.9851502	0.9800263	0.9889433	0.9847479	0.9800378	0.9889737	0.9998728	0.9956785	1.0039851	0.9999452	0.9949448	1.0036090	0.9739483	0.9642649	0.9832474	0.9748828	0.9661401	0.9840656
 8	0.0	neg	HI	0.9971156	0.9899834	1.0043785	0.9963716	0.9892699	1.0033239	0.9973165	0.9906237	1.0054189	0.9968326	0.9900497	1.0032249	0.9978079	0.9875705	1.0080102	0.9992289	0.9882953	1.0111192
 8	0.0	pos	CGF	0.9824150	0.9780712	0.9871351	0.9824441	0.9779055	0.9875786	0.9972845	0.9929160	1.0013137	0.9969066	0.9921770	1.0029137	1.1509332	1.1377008	1.1640346	1.0085714	0.9974172	1.0254990
 8	0.0	pos	HI	1.0044584	0.9982394	1.0105183	1.0032023	0.9962222	1.0105409	1.0038338	0.9978237	1.0107261	1.0042824	0.9982391	1.0102177	1.0061414	0.9974496	1.0142296	1.0056820	0.9962673	1.0143900
 8	0.9	neg	CGF	0.9795751	0.9755461	0.9870105	0.9799105	0.9750541	0.9846674	1.0386468	1.0340773	1.0455385	1.0381832	1.0334119	1.0431906	0.9174094	0.9048432	0.9285393	0.9162023	0.9061701	0.9245492
 8	0.9	neg	HI	0.9992406	0.9951411	1.0038183	0.9989901	0.9950897	1.0044785	1.0593697	1.0548560	1.0642448	1.0601662	1.0562118	1.0642834	0.9376921	0.9316608	0.9447186	0.9354393	0.9280538	0.9432077
 8	0.9	pos	CGF	0.9861033	0.9779913	0.9936274	0.9854080	0.9779182	0.9939403	1.0458234	1.0392781	1.0526767	1.0452767	1.0395351	1.0519940	1.6708742	1.6498023	1.6875585	0.9292307	0.9210836	0.9382325
 8	0.9	pos	HI	0.9965741	0.9912313	1.0002233	0.9959284	0.9920229	0.9995022	1.0564601	1.0523528	1.0608341	1.0565215	1.0516988	1.0616080	1.7119371	1.6997692	1.7222439	0.9438044	0.9338103	0.9514743
 9	0.0	neg	CGF	0.9895252	0.9867944	0.9915872	0.9897035	0.9870556	0.9920241	1.0033987	1.0010302	1.0055843	1.0035427	1.0011098	1.0056609	0.9830548	0.9749552	0.9928242	0.9833788	0.9757679	0.9903043
 9	0.0	neg	HI	1.0025299	0.9963599	1.0076274	1.0020934	0.9968003	1.0070525	1.0024178	0.9970561	1.0080859	1.0028544	0.9973754	1.0090149	1.0008102	0.9889317	1.0130186	0.9997648	0.9891488	1.0119820
 9	0.0	pos	CGF	0.9925625	0.9879433	0.9985970	0.9921756	0.9877226	0.9975857	1.0062301	1.0012644	1.0124758	1.0062050	1.0008863	1.0111431	1.1381505	1.1289616	1.1492832	1.0103690	1.0023348	1.0199143
 9	0.0	pos	HI	1.0019942	0.9968977	1.0078200	1.0009258	0.9941207	1.0070056	1.0014894	0.9957518	1.0071855	1.0011858	0.9955888	1.0065860	1.0080248	0.9987789	1.0196676	1.0066383	0.9986362	1.0170925
 9	0.9	neg	CGF	0.9927684	0.9890257	0.9969951	0.9924335	0.9888532	0.9970277	1.0538247	1.0488870	1.0593372	1.0536289	1.0499650	1.0585798	0.9326357	0.9221038	0.9396335	0.9303644	0.9209119	0.9379056
 9	0.9	neg	HI	0.9965709	0.9905681	1.0026628	0.9960755	0.9910201	1.0029567	1.0537672	1.0466091	1.0601202	1.0533407	1.0464577	1.0597530	0.9322906	0.9240041	0.9395357	0.9302656	0.9232799	0.9384493
 9	0.9	pos	CGF	0.9907462	0.9819005	1.0004898	0.9892248	0.9817112	0.9975329	1.0521637	1.0432212	1.0618898	1.0522881	1.0401615	1.0623297	1.7078393	1.6935550	1.7202425	0.9359521	0.9268297	0.9441738
 9	0.9	pos	HI	1.0077070	0.9988004	1.0163534	1.0069013	0.9985069	1.0165814	1.0644528	1.0555957	1.0754123	1.0637247	1.0549884	1.0712558	1.6842587	1.6682116	1.7041922	0.9537806	0.9433930	0.9640279
10	0.0	neg	CGF	0.9926017	0.9873635	0.9970313	0.9921892	0.9869588	0.9976970	1.0046021	0.9991740	1.0092968	1.0046888	0.9993930	1.0109124	0.9791904	0.9722689	0.9845194	0.9792891	0.9725026	0.9850430
10	0.0	neg	HI	1.0056809	0.9982879	1.0134566	1.0048130	0.9994424	1.0117523	1.0054781	0.9983605	1.0123439	1.0057662	0.9983108	1.0137287	1.0017283	0.9941300	1.0094850	1.0019154	0.9948191	1.0083010
10	0.0	pos	CGF	0.9875650	0.9816590	0.9931620	0.9872888	0.9822351	0.9925406	1.0002267	0.9947457	1.0058105	0.9997297	0.9951288	1.0046450	1.1290245	1.1172615	1.1389934	1.0119239	1.0012071	1.0219522
10	0.0	pos	HI	0.9965816	0.9904776	1.0029384	0.9961197	0.9912442	1.0019132	0.9966655	0.9915646	1.0022266	0.9962710	0.9904971	1.0027926	0.9971483	0.9874646	1.0070412	0.9977313	0.9855053	1.0075893
10	0.9	neg	CGF	0.9903267	0.9863307	0.9942561	0.9904763	0.9861401	0.9943137	1.0527035	1.0494449	1.0563953	1.0527728	1.0476011	1.0572637	0.9289897	0.9219687	0.9406327	0.9271218	0.9197568	0.9371836
10	0.9	neg	HI	0.9986446	0.9902364	1.0072236	0.9991229	0.9900350	1.0088702	1.0541944	1.0442931	1.0634064	1.0541855	1.0453653	1.0634319	0.9504193	0.9423817	0.9599147	0.9493152	0.9429760	0.9573856
10	0.9	pos	CGF	0.9825294	0.9742008	0.9893868	0.9811886	0.9744760	0.9893317	1.0429933	1.0341813	1.0503329	1.0430870	1.0320051	1.0527024	1.7065961	1.6879557	1.7244985	0.9315677	0.9202486	0.9414415
10	0.9	pos	HI	0.9997909	0.9902756	1.0128439	0.9992299	0.9901121	1.0078452	1.0549972	1.0467207	1.0662688	1.0538918	1.0443370	1.0635295	1.6298679	1.6182347	1.6407809	0.9470784	0.9392792	0.9545530
11	0.0	neg	CGF	0.9908515	0.9851443	0.9984389	0.9915969	0.9853494	0.9988395	1.0029997	0.9964210	1.0099356	1.0027754	0.9933961	1.0111209	0.9770086	0.9683393	0.9865473	0.9764994	0.9685498	0.9835714
11	0.0	neg	HI	1.0042432	1.0010235	1.0072320	1.0042346	1.0011774	1.0088004	1.0045429	1.0017403	1.0078696	1.0044721	1.0007065	1.0077882	0.9890481	0.9802293	0.9970870	0.9889573	0.9813620	0.9984409
11	0.0	pos	CGF	0.9985703	0.9912181	1.0068732	0.9983693	0.9918328	1.0064870	1.0101839	1.0028809	1.0191868	1.0111496	1.0044774	1.0185381	1.1271770	1.1114135	1.1434718	1.0228839	1.0075796	1.0393361
11	0.0	pos	HI	0.9965563	0.9918275	1.0004912	0.9960762	0.9919679	1.0007157	0.9965260	0.9925042	1.0016381	0.9960598	0.9920570	1.0008060	0.9980707	0.9929968	1.0029721	0.9983767	0.9943676	1.0024512
11	0.9	neg	CGF	0.9943127	0.9862891	1.0017133	0.9942638	0.9883471	1.0003667	1.0562624	1.0495763	1.0627998	1.0560071	1.0493929	1.0636104	0.9313760	0.9232376	0.9391147	0.9280764	0.9213511	0.9339996
11	0.9	neg	HI	1.0000469	0.9934292	1.0062497	1.0004934	0.9943101	1.0052283	1.0524741	1.0457317	1.0590937	1.0526720	1.0471879	1.0580634	0.9468775	0.9395773	0.9536059	0.9445910	0.9382122	0.9511917
11	0.9	pos	CGF	0.9955663	0.9898374	1.0011982	0.9950519	0.9892564	1.0018947	1.0575590	1.0512965	1.0636803	1.0571688	1.0504335	1.0649153	1.7047206	1.6943114	1.7162376	0.9334727	0.9217887	0.9412374
11	0.9	pos	HI	1.0042445	0.9953457	1.0124045	1.0041524	0.9946636	1.0157053	1.0564421	1.0462007	1.0648404	1.0567839	1.0463780	1.0684147	1.5979513	1.5910432	1.6052992	0.9598149	0.9526456	0.9693060
12	0.0	neg	CGF	1.0037222	0.9988491	1.0090438	1.0035882	0.9979121	1.0085607	1.0143487	1.0084575	1.0206292	1.0146446	1.0085998	1.0202504	1.0013307	0.9959698	1.0058110	1.0019054	0.9979525	1.0060597
12	0.0	neg	HI	0.9994540	0.9935898	1.0069462	0.9995968	0.9939361	1.0054220	0.9995671	0.9942224	1.0059511	0.9999034	0.9941200	1.0062708	0.9953226	0.9875518	1.0052173	0.9954099	0.9880206	1.0022576
12	0.0	pos	CGF	0.9947426	0.9848994	1.0008297	0.9937868	0.9827318	1.0019632	1.0049905	0.9965117	1.0126219	1.0052567	0.9951030	1.0137603	1.1168270	1.1073957	1.1271184	1.0227468	1.0118491	1.0341225
12	0.0	pos	HI	1.0057065	0.9996206	1.0112901	1.0055054	1.0004014	1.0103935	1.0058579	0.9999439	1.0107477	1.0050697	0.9997892	1.0103231	1.0093060	1.0000957	1.0170746	1.0083121	0.9993411	1.0173585
12	0.9	neg	CGF	0.9981374	0.9941415	1.0027454	0.9976256	0.9922105	1.0022882	1.0607885	1.0563603	1.0657609	1.0597272	1.0546309	1.0651636	0.9289030	0.9176756	0.9394659	0.9267185	0.9153009	0.9365647
12	0.9	neg	HI	1.0036912	0.9986202	1.0088696	1.0043293	0.9979539	1.0103398	1.0541284	1.0466229	1.0600038	1.0536303	1.0470730	1.0586530	0.9559936	0.9461631	0.9659201	0.9517635	0.9397046	0.9634954
12	0.9	pos	CGF	0.9925796	0.9850241	0.9994771	0.9920726	0.9844568	0.9991438	1.0553465	1.0477981	1.0625729	1.0539976	1.0467543	1.0626450	1.7186494	1.7046326	1.7310356	0.9393099	0.9309448	0.9472435
12	0.9	pos	HI	0.9958498	0.9914537	1.0002447	0.9954843	0.9910454	0.9997950	1.0454182	1.0398328	1.0510304	1.0450329	1.0399509	1.0491989	1.5666123	1.5509798	1.5846217	0.9501094	0.9427549	0.9584537
13	0.0	neg	CGF	1.0037772	0.9993447	1.0097940	1.0039456	0.9989157	1.0080846	1.0137399	1.0085070	1.0190819	1.0141082	1.0091702	1.0195681	1.0005219	0.9867305	1.0117723	0.9992230	0.9895384	1.0106004
13	0.0	neg	HI	1.0055568	1.0001831	1.0102086	1.0053768	1.0011625	1.0094633	1.0055236	1.0006519	1.0101124	1.0057084	1.0008194	1.0098501	1.0003457	0.9903075	1.0088717	1.0009848	0.9895364	1.0114833
13	0.0	pos	CGF	0.9912634	0.9880359	0.9954106	0.9907905	0.9870238	0.9944532	1.0015297	0.9976798	1.0054471	1.0011237	0.9975251	1.0046001	1.1043489	1.0913273	1.1166211	1.0201253	1.0084956	1.0280579
13	0.0	pos	HI	1.0058796	1.0005318	1.0109514	1.0054329	0.9992855	1.0100917	1.0057826	1.0007001	1.0109579	1.0053658	1.0000021	1.0095906	1.0129225	1.0029810	1.0219337	1.0116549	1.0009841	1.0197646
13	0.9	neg	CGF	0.9927591	0.9886300	0.9960806	0.9924398	0.9885956	0.9960355	1.0544710	1.0501815	1.0578045	1.0550564	1.0510688	1.0594062	0.9363730	0.9264830	0.9464198	0.9346881	0.9258229	0.9421722
13	0.9	neg	HI	1.0002795	0.9935841	1.0058273	0.9999256	0.9939871	1.0046221	1.0467510	1.0392799	1.0527152	1.0468308	1.0401456	1.0534924	0.9618244	0.9538889	0.9712363	0.9596689	0.9505427	0.9701276
13	0.9	pos	CGF	1.0058706	0.9991161	1.0127400	1.0053656	0.9986619	1.0115662	1.0686526	1.0607866	1.0760925	1.0665585	1.0582876	1.0746092	1.7216131	1.7038155	1.7367225	0.9508200	0.9423222	0.9605473
13	0.9	pos	HI	0.9951470	0.9865996	1.0035037	0.9954423	0.9852382	1.0032590	1.0420335	1.0355725	1.0499582	1.0413195	1.0348627	1.0499569	1.5467719	1.5276666	1.5642572	0.9561303	0.9471074	0.9680834
14	0.0	neg	CGF	0.9967570	0.9893181	1.0038437	0.9960081	0.9896227	1.0028549	1.0058040	0.9983738	1.0129600	1.0061381	0.9995473	1.0115920	0.9904461	0.9825313	0.9981647	0.9902744	0.9813624	0.9985117
14	0.0	neg	HI	1.0026976	0.9982785	1.0077037	1.0017665	0.9971873	1.0063408	1.0020088	0.9973492	1.0072601	1.0015455	0.9965938	1.0066325	1.0043305	0.9992944	1.0094174	1.0038633	0.9973143	1.0084000
14	0.0	pos	CGF	1.0014085	0.9933151	1.0098992	1.0001509	0.9931171	1.0074029	1.0113053	1.0034430	1.0195722	1.0098935	1.0021750	1.0179313	1.1047986	1.0952284	1.1140084	1.0248745	1.0131255	1.0356783
14	0.0	pos	HI	1.0008363	0.9951862	1.0072719	1.0005151	0.9944846	1.0072599	1.0007048	0.9950210	1.0069579	1.0003636	0.9945063	1.0072693	0.9942026	0.9883501	1.0010301	0.9943488	0.9883253	0.9996218
14	0.9	neg	CGF	1.0005729	0.9939195	1.0067034	1.0006860	0.9932516	1.0064644	1.0627949	1.0563182	1.0687930	1.0623463	1.0550426	1.0679931	0.9435635	0.9285567	0.9522218	0.9418014	0.9296569	0.9513700
14	0.9	neg	HI	1.0039819	1.0011075	1.0077341	1.0043755	1.0011248	1.0081927	1.0490712	1.0460414	1.0525794	1.0489883	1.0463967	1.0522750	0.9676219	0.9565217	0.9770351	0.9665132	0.9552068	0.9781822
14	0.9	pos	CGF	0.9922003	0.9874285	0.9961689	0.9907649	0.9852590	0.9950490	1.0524144	1.0470155	1.0566903	1.0512581	1.0452027	1.0562143	1.6967575	1.6827901	1.7091528	0.9374911	0.9283180	0.9463376
14	0.9	pos	HI	0.9976037	0.9909594	1.0060071	0.9971165	0.9900398	1.0051425	1.0423719	1.0345968	1.0513645	1.0424518	1.0343217	1.0502928	1.5185480	1.5073219	1.5305904	0.9650190	0.9566766	0.9724934
15	0.0	neg	CGF	1.0038724	0.9978713	1.0105927	1.0038297	0.9982872	1.0106361	1.0128101	1.0056069	1.0184938	1.0119880	1.0066045	1.0172029	0.9998392	0.9907950	1.0075798	0.9997047	0.9912287	1.0092414
15	0.0	neg	HI	0.9969620	0.9911538	1.0026596	0.9977290	0.9920965	1.0046222	0.9973307	0.9905375	1.0046825	0.9976641	0.9917443	1.0046542	0.9957245	0.9848978	1.0063718	0.9951570	0.9858844	1.0066024
15	0.0	pos	CGF	1.0007151	0.9952560	1.0041221	1.0001069	0.9951087	1.0041977	1.0099558	1.0040716	1.0148521	1.0095984	1.0049595	1.0145146	1.0939030	1.0866259	1.1017651	1.0266990	1.0199239	1.0349613
15	0.0	pos	HI	1.0040078	0.9997279	1.0077055	1.0046998	0.9998291	1.0086230	1.0047848	1.0010683	1.0082423	1.0043936	1.0001756	1.0086574	1.0161734	1.0077888	1.0223560	1.0167916	1.0103597	1.0229539
15	0.9	neg	CGF	0.9999551	0.9967557	1.0032020	1.0003246	0.9975681	1.0030193	1.0607850	1.0576997	1.0638117	1.0611313	1.0582709	1.0642082	0.9388518	0.9295865	0.9481567	0.9379753	0.9283081	0.9493609
15	0.9	neg	HI	0.9994770	0.9923194	1.0054981	0.9999800	0.9919660	1.0050062	1.0430345	1.0364626	1.0493638	1.0426707	1.0340396	1.0500740	0.9601231	0.9540237	0.9680987	0.9574638	0.9516411	0.9652683
15	0.9	pos	CGF	1.0016279	0.9947623	1.0091773	1.0013996	0.9949038	1.0072866	1.0629367	1.0562505	1.0687023	1.0617701	1.0556471	1.0679238	1.7158905	1.7031192	1.7350625	0.9513982	0.9412827	0.9604280
15	0.9	pos	HI	1.0043542	0.9941169	1.0137837	1.0035604	0.9951945	1.0118762	1.0468805	1.0374866	1.0540516	1.0470713	1.0378072	1.0568312	1.4974735	1.4910637	1.5035642	0.9772354	0.9703551	0.9849710
16	0.0	neg	CGF	0.9963728	0.9912443	1.0027878	0.9965300	0.9923717	1.0011930	1.0048906	1.0005039	1.0094046	1.0049096	0.9983389	1.0108419	0.9825345	0.9756706	0.9887643	0.9825714	0.9742266	0.9891481
16	0.0	neg	HI	1.0021354	0.9952484	1.0099438	1.0014221	0.9924002	1.0082512	1.0024654	0.9954188	1.0084708	1.0015638	0.9957704	1.0080998	1.0037154	0.9937643	1.0161597	1.0040312	0.9926728	1.0187159
16	0.0	pos	CGF	1.0014727	0.9934640	1.0067551	1.0010303	0.9947160	1.0066925	1.0098971	1.0019456	1.0151533	1.0085621	1.0026740	1.0136976	1.0894803	1.0819278	1.0990252	1.0260129	1.0192081	1.0342599
16	0.0	pos	HI	1.0016965	0.9984020	1.0051210	1.0015486	0.9982473	1.0050411	1.0015402	0.9987555	1.0048138	1.0017766	0.9990181	1.0049323	1.0056271	0.9929402	1.0198080	1.0047369	0.9930188	1.0165040
16	0.9	neg	CGF	1.0052871	1.0018156	1.0091587	1.0053218	1.0011362	1.0092474	1.0653769	1.0605066	1.0697211	1.0655470	1.0604685	1.0700241	0.9427154	0.9319146	0.9519389	0.9406995	0.9319303	0.9516670
16	0.9	neg	HI	1.0001687	0.9956594	1.0046963	1.0003672	0.9964416	1.0052630	1.0411476	1.0366043	1.0449552	1.0410409	1.0377351	1.0462117	0.9635757	0.9563070	0.9710889	0.9616807	0.9560162	0.9692933
16	0.9	pos	CGF	1.0034423	0.9990834	1.0082971	1.0031194	0.9974831	1.0075397	1.0633335	1.0583677	1.0685235	1.0629902	1.0566460	1.0685282	1.6953771	1.6855196	1.7068390	0.9485000	0.9399225	0.9585750
16	0.9	pos	HI	0.9987257	0.9930500	1.0060865	0.9972664	0.9919855	1.0032395	1.0401091	1.0341006	1.0492986	1.0381538	1.0324207	1.0450548	1.4758742	1.4635354	1.4904647	0.9696863	0.9584532	0.9806018
17	0.0	neg	CGF	0.9937117	0.9882593	1.0003515	0.9938608	0.9875179	1.0001395	1.0012810	0.9944957	1.0073306	1.0017080	0.9956606	1.0077715	0.9868109	0.9774934	1.0006526	0.9872577	0.9789642	0.9983043
17	0.0	neg	HI	0.9969411	0.9918455	1.0028743	0.9975988	0.9915184	1.0027571	0.9975836	0.9933721	1.0031180	0.9981144	0.9921702	1.0034004	0.9968114	0.9900599	1.0022977	0.9962988	0.9903167	1.0024470
17	0.0	pos	CGF	1.0023074	0.9967758	1.0073492	1.0021233	0.9975200	1.0070635	1.0100398	1.0050141	1.0143491	1.0100018	1.0057427	1.0143325	1.0937185	1.0783988	1.1072423	1.0366134	1.0214396	1.0556701
17	0.0	pos	HI	1.0031961	0.9978503	1.0096853	1.0020834	0.9955275	1.0097848	1.0029443	0.9957912	1.0093800	1.0031170	0.9969559	1.0100913	1.0080161	0.9989225	1.0199210	1.0085084	0.9994520	1.0185160
17	0.9	neg	CGF	0.9981040	0.9920747	1.0047421	0.9975637	0.9924805	1.0042617	1.0563271	1.0487794	1.0647465	1.0569632	1.0498504	1.0654520	0.9379401	0.9316175	0.9440688	0.9354693	0.9288528	0.9421696
17	0.9	neg	HI	0.9959221	0.9917392	1.0014397	0.9952234	0.9910728	0.9989759	1.0341024	1.0297657	1.0387149	1.0339220	1.0294838	1.0384187	0.9622594	0.9532820	0.9707092	0.9609359	0.9548722	0.9675049
17	0.9	pos	CGF	0.9963571	0.9869632	1.0049507	0.9960187	0.9847613	1.0037258	1.0540380	1.0426362	1.0641785	1.0531790	1.0391087	1.0632378	1.6843991	1.6680663	1.6991183	0.9498233	0.9388587	0.9594528
17	0.9	pos	HI	1.0020865	0.9944457	1.0083226	1.0015905	0.9933859	1.0097333	1.0400852	1.0329889	1.0485318	1.0395996	1.0308214	1.0470176	1.4501245	1.4381725	1.4615644	0.9796273	0.9691063	0.9919419
18	0.0	neg	CGF	0.9986115	0.9955107	1.0014942	0.9980760	0.9938182	1.0010133	1.0052567	1.0028206	1.0081345	1.0053826	1.0012079	1.0085436	0.9888781	0.9756135	1.0028258	0.9871726	0.9760585	1.0002641
18	0.0	neg	HI	1.0051853	0.9982899	1.0107903	1.0058603	0.9990278	1.0108692	1.0058771	0.9998696	1.0112473	1.0056917	0.9989267	1.0107898	1.0018889	0.9931614	1.0112909	1.0010266	0.9876338	1.0112917
18	0.0	pos	CGF	0.9937833	0.9840479	1.0027503	0.9939189	0.9860002	1.0018911	1.0007088	0.9926977	1.0088777	1.0007001	0.9924045	1.0105052	1.0816517	1.0700654	1.0962070	1.0283790	1.0136216	1.0422026
18	0.0	pos	HI	1.0034033	0.9961541	1.0093399	1.0033642	0.9959737	1.0098961	1.0033333	0.9965387	1.0112010	1.0035580	0.9965768	1.0113502	1.0091157	1.0015301	1.0183176	1.0089711	1.0006181	1.0164218
18	0.9	neg	CGF	0.9982097	0.9932477	1.0033733	0.9984322	0.9934131	1.0051588	1.0552788	1.0499575	1.0612510	1.0552616	1.0502430	1.0604412	0.9436246	0.9330298	0.9539752	0.9414319	0.9277234	0.9515262
18	0.9	neg	HI	1.0011677	0.9960555	1.0066090	1.0014824	0.9969200	1.0069982	1.0376887	1.0323065	1.0442540	1.0377029	1.0324392	1.0447707	0.9717023	0.9657591	0.9777883	0.9704350	0.9628497	0.9759794
18	0.9	pos	CGF	1.0019652	0.9919779	1.0128512	1.0014020	0.9909321	1.0120087	1.0593936	1.0480757	1.0713694	1.0587674	1.0493420	1.0692848	1.6601170	1.6453574	1.6797269	0.9521345	0.9408201	0.9633083
18	0.9	pos	HI	1.0002736	0.9944844	1.0060645	1.0001792	0.9939929	1.0076926	1.0365108	1.0289562	1.0436617	1.0371477	1.0296043	1.0440197	1.4216193	1.4028281	1.4402335	0.9804721	0.9682459	0.9908086
19	0.0	neg	CGF	1.0003841	0.9944490	1.0062155	1.0000502	0.9925771	1.0066443	1.0075045	1.0021181	1.0146691	1.0075643	1.0021128	1.0118022	0.9884331	0.9797747	0.9965947	0.9879642	0.9803577	0.9989015
19	0.0	neg	HI	1.0021370	0.9949960	1.0089286	1.0024237	0.9941344	1.0098556	1.0023249	0.9951048	1.0088408	1.0025983	0.9936537	1.0106701	0.9939210	0.9852838	1.0050039	0.9930846	0.9843377	1.0003084
19	0.0	pos	CGF	1.0007433	0.9948227	1.0071441	1.0010006	0.9948352	1.0081278	1.0080435	1.0019348	1.0135084	1.0080552	1.0017888	1.0143963	1.0825008	1.0713555	1.0938589	1.0393936	1.0269821	1.0526670
19	0.0	pos	HI	1.0019535	0.9962411	1.0065437	1.0008472	0.9955586	1.0053855	1.0015499	0.9966041	1.0065086	1.0010686	0.9962449	1.0067765	1.0067367	0.9966169	1.0188867	1.0074296	0.9967447	1.0206615
19	0.9	neg	CGF	1.0035493	0.9974010	1.0119338	1.0041927	0.9975907	1.0102743	1.0606473	1.0546450	1.0672227	1.0610902	1.0542816	1.0672802	0.9502101	0.9446425	0.9564505	0.9473648	0.9411527	0.9537882
19	0.9	neg	HI	0.9989960	0.9935737	1.0056456	0.9992758	0.9936303	1.0060959	1.0350261	1.0270180	1.0432973	1.0347080	1.0294215	1.0425415	0.9625290	0.9534194	0.9713746	0.9613522	0.9531566	0.9709221
19	0.9	pos	CGF	1.0013802	0.9934450	1.0078680	1.0006766	0.9948050	1.0060695	1.0575253	1.0515355	1.0638608	1.0562499	1.0487975	1.0614339	1.6419598	1.6257424	1.6567167	0.9499533	0.9408083	0.9571768
19	0.9	pos	HI	1.0007897	0.9929774	1.0088088	0.9998819	0.9916444	1.0086912	1.0356771	1.0267372	1.0431122	1.0351307	1.0263127	1.0429960	1.4130659	1.3969419	1.4286991	0.9872496	0.9713766	1.0020601
20	0.0	neg	CGF	1.0062354	0.9998550	1.0108939	1.0061772	1.0002863	1.0112984	1.0123432	1.0068168	1.0175367	1.0122529	1.0059102	1.0173695	0.9964114	0.9853187	1.0058199	0.9958112	0.9872073	1.0059348
20	0.0	neg	HI	1.0049367	0.9986956	1.0137032	1.0049297	0.9991542	1.0140215	1.0057148	0.9994770	1.0147987	1.0062519	0.9989015	1.0145618	1.0061815	0.9961718	1.0188576	1.0058434	0.9940781	1.0200019
20	0.0	pos	CGF	0.9971534	0.9918530	1.0055097	0.9971540	0.9904873	1.0043699	1.0037152	0.9966733	1.0099445	1.0027346	0.9975577	1.0091251	1.0671379	1.0576703	1.0740587	1.0267215	1.0187261	1.0321963
20	0.0	pos	HI	0.9983023	0.9932194	1.0029789	0.9979493	0.9926636	1.0027543	0.9976104	0.9930026	1.0020984	0.9979146	0.9929040	1.0029381	0.9994241	0.9865070	1.0108905	0.9994462	0.9881515	1.0127528
20	0.9	neg	CGF	0.9960906	0.9879621	1.0042771	0.9956684	0.9859621	1.0045798	1.0497013	1.0401522	1.0587046	1.0500834	1.0414944	1.0575960	0.9356889	0.9242349	0.9491487	0.9340378	0.9202554	0.9462148
20	0.9	neg	HI	0.9988465	0.9941567	1.0035019	0.9993117	0.9939038	1.0038304	1.0327272	1.0273449	1.0378724	1.0323101	1.0275644	1.0370612	0.9711916	0.9602744	0.9820851	0.9715297	0.9614121	0.9825087
20	0.9	pos	CGF	1.0006070	0.9942112	1.0071777	1.0001916	0.9940941	1.0050454	1.0548662	1.0496996	1.0609757	1.0541997	1.0485143	1.0597511	1.6322829	1.6149652	1.6535355	0.9558285	0.9409636	0.9680052
20	0.9	pos	HI	0.9978470	0.9914780	1.0042349	0.9973120	0.9895756	1.0054878	1.0321828	1.0247466	1.0386030	1.0311696	1.0233416	1.0413429	1.3721894	1.3608914	1.3878138	0.9811914	0.9739672	0.9891231
