t	P	cov	model	vgamma_standard.mean	vgamma_standard.CI95l	vgamma_standard.CI95r	vgamma_standard_ganc.mean	vgamma_standard_ganc.CI95l	vgamma_standard_ganc.CI95r	vgamma_varX.mean	vgamma_varX.CI95l	vgamma_varX.CI95r	vgamma_varX_ganc.mean	vgamma_varX_ganc.CI95l	vgamma_varX_ganc.CI95r	vgamma_ld.mean	vgamma_ld.CI95l	vgamma_ld.CI95r	vgamma_ld_ganc.mean	vgamma_ld_ganc.CI95l	vgamma_ld_ganc.CI95r
 2	0.0	neg	CGF	 3.138230e-02	 2.379809e-02	 3.822419e-02	 0.034564509	 0.028067717	 0.041980227	 0.04949303	 0.03801762	 0.06222794	 0.052577892	 0.042468622	 0.062421265	NA	NA	NA	NA	NA	NA
 2	0.0	neg	HI	 9.363772e-02	 8.627016e-02	 9.976678e-02	 0.093116859	 0.086728883	 0.099439913	 0.11610260	 0.10502064	 0.12334027	 0.117300839	 0.109916895	 0.124468355	0.07209259	0.06668510	0.07705992	7.025150e-02	6.467949e-02	7.712432e-02
 2	0.0	pos	CGF	 4.589335e-02	 4.184632e-02	 5.032035e-02	 0.038765931	 0.032180770	 0.045530907	 0.07263876	 0.06522454	 0.07855949	 0.062484755	 0.053590985	 0.069736713	0.25151822	0.24565483	0.25730079	NA	NA	NA
 2	0.0	pos	HI	 1.023895e-01	 9.811195e-02	 1.078533e-01	 0.097808567	 0.093453125	 0.102541300	 0.12725835	 0.12244603	 0.13350605	 0.123261838	 0.117950442	 0.129284606	0.36880607	0.36218581	0.37664773	8.668900e-02	8.668900e-02	8.668900e-02
 2	0.9	neg	CGF	 3.914808e-02	-1.339820e-02	 1.076238e-01	 0.054001941	-0.005487607	 0.131899079	 0.12504326	-0.03308537	 0.31887653	 0.133795569	 0.000010275	 0.331547330	NA	NA	NA	NA	NA	NA
 2	0.9	neg	HI	 7.357927e-02	 4.154826e-02	 1.032730e-01	 0.081575764	 0.053365544	 0.110808606	 0.13496257	 0.08143970	 0.18482020	 0.159206815	 0.100433600	 0.213263512	NA	NA	NA	NA	NA	NA
 2	0.9	pos	CGF	 8.230946e-02	 6.382854e-02	 9.876856e-02	 0.036915428	 0.002628750	 0.068100047	 0.16091074	 0.12332507	 0.20730883	 0.062483321	-0.013109955	 0.126507200	NA	NA	NA	NA	NA	NA
 2	0.9	pos	HI	 1.633029e-01	 1.352045e-01	 1.918375e-01	 0.122740415	 0.080244550	 0.172148497	 0.30810436	 0.25688896	 0.36427044	 0.233028568	 0.174149115	 0.308541650	1.06327563	1.05031423	1.07396397	NA	NA	NA
 3	0.0	neg	CGF	 4.055019e-02	 3.424020e-02	 4.847481e-02	 0.041203429	 0.034184765	 0.049402312	 0.05917697	 0.04981538	 0.06750653	 0.060756449	 0.050372455	 0.071438905	NA	NA	NA	NA	NA	NA
 3	0.0	neg	HI	 8.861712e-02	 8.459527e-02	 9.402663e-02	 0.088584373	 0.085131135	 0.093785375	 0.09935525	 0.09485023	 0.10485157	 0.100120942	 0.095740820	 0.106239443	0.07855871	0.07454729	0.08261141	7.720287e-02	7.332729e-02	8.136258e-02
 3	0.0	pos	CGF	 5.000656e-02	 4.770266e-02	 5.287569e-02	 0.044133104	 0.041119433	 0.047799764	 0.07332624	 0.06953607	 0.07662608	 0.064226201	 0.060062750	 0.068731997	0.26129078	0.25394624	0.26809159	NA	NA	NA
 3	0.0	pos	HI	 9.509675e-02	 8.979302e-02	 1.021995e-01	 0.091705876	 0.084769015	 0.100349198	 0.10783828	 0.09989054	 0.11639031	 0.103754197	 0.097598240	 0.111196330	0.22914414	0.21968864	0.23964321	8.022296e-02	7.443987e-02	8.697733e-02
 3	0.9	neg	CGF	 3.578174e-02	 1.094435e-02	 7.231736e-02	 0.050425737	 0.007413146	 0.097754846	 0.10582565	 0.03113250	 0.21615610	 0.150085484	 0.101799000	 0.213816685	NA	NA	NA	NA	NA	NA
 3	0.9	neg	HI	 9.784843e-02	 7.861336e-02	 1.167736e-01	 0.105193947	 0.085814840	 0.123280047	 0.17997963	 0.13458492	 0.21882400	 0.195918639	 0.160311977	 0.234474752	NA	NA	NA	NA	NA	NA
 3	0.9	pos	CGF	 8.516806e-02	 7.290115e-02	 1.009427e-01	 0.043252116	 0.015648265	 0.066405277	 0.16431758	 0.14029341	 0.18949242	 0.081342874	 0.031574317	 0.146159755	NA	NA	NA	NA	NA	NA
 3	0.9	pos	HI	 1.123109e-01	 9.550733e-02	 1.301756e-01	 0.069121679	 0.042504818	 0.098072262	 0.20636897	 0.17411548	 0.23271528	 0.126805953	 0.077677298	 0.188093625	1.00441795	0.99049109	1.02178835	NA	NA	NA
 4	0.0	neg	CGF	 5.144877e-02	 4.757531e-02	 5.577906e-02	 0.052101632	 0.047871278	 0.056492275	 0.06977238	 0.06414692	 0.07656227	 0.071545113	 0.064748300	 0.078181107	NA	NA	NA	NA	NA	NA
 4	0.0	neg	HI	 9.303821e-02	 8.734650e-02	 9.913544e-02	 0.093847405	 0.086994070	 0.100850557	 0.09838025	 0.09218639	 0.10478158	 0.099269735	 0.093697705	 0.106037185	0.08754944	0.08122311	0.09325963	8.726084e-02	8.264659e-02	9.267756e-02
 4	0.0	pos	CGF	 5.815133e-02	 5.242314e-02	 6.446992e-02	 0.054050615	 0.048431584	 0.061115250	 0.07972217	 0.07304874	 0.09056658	 0.073799601	 0.065678988	 0.083251322	0.25615110	0.24839503	0.26424753	NA	NA	NA
 4	0.0	pos	HI	 9.401270e-02	 8.945439e-02	 9.773183e-02	 0.091386968	 0.086178385	 0.095810522	 0.10038118	 0.09551271	 0.10491156	 0.097001125	 0.093178320	 0.101731275	0.15786683	0.15237668	0.16359488	8.610827e-02	8.200418e-02	9.061355e-02
 4	0.9	neg	CGF	 2.854571e-02	 5.898000e-03	 5.500707e-02	 0.043977280	 0.014096317	 0.072608667	 0.07144469	 0.01403005	 0.11558736	 0.107627978	 0.061607600	 0.149864520	NA	NA	NA	NA	NA	NA
 4	0.9	neg	HI	 7.372819e-02	 5.636232e-02	 9.258958e-02	 0.083433182	 0.067370243	 0.100360900	 0.13680134	 0.10916424	 0.16835289	 0.148017424	 0.122840473	 0.180342665	NA	NA	NA	NA	NA	NA
 4	0.9	pos	CGF	 8.057554e-02	 7.072502e-02	 9.301745e-02	 0.032165170	 0.010114200	 0.055328330	 0.15419440	 0.13678401	 0.17193545	 0.063145479	 0.015902538	 0.114392477	NA	NA	NA	NA	NA	NA
 4	0.9	pos	HI	 1.150756e-01	 9.722527e-02	 1.375968e-01	 0.090132458	 0.065587310	 0.117509822	 0.21085193	 0.17965881	 0.24707798	 0.159603336	 0.119761150	 0.202122547	0.96088891	0.95017958	0.97690584	NA	NA	NA
 5	0.0	neg	CGF	 5.460434e-02	 4.897855e-02	 5.976799e-02	 0.055797826	 0.049489080	 0.061832685	 0.07187303	 0.06470533	 0.08045204	 0.073287779	 0.067654823	 0.082484727	0.05606900	0.05606900	0.05606900	5.360100e-02	5.360100e-02	5.360100e-02
 5	0.0	neg	HI	 8.864661e-02	 8.206250e-02	 9.532208e-02	 0.089801544	 0.084087533	 0.095683985	 0.09190853	 0.08489140	 0.09740148	 0.091834325	 0.086650155	 0.097120468	0.08688989	0.08210706	0.09276252	8.674381e-02	8.016703e-02	9.175929e-02
 5	0.0	pos	CGF	 5.839917e-02	 5.261821e-02	 6.452532e-02	 0.056452652	 0.051293394	 0.063106756	 0.07704405	 0.06960855	 0.08584938	 0.072162384	 0.063164875	 0.079412433	0.25440412	0.24744845	0.26096088	NA	NA	NA
 5	0.0	pos	HI	 9.640184e-02	 9.278159e-02	 1.007694e-01	 0.094078552	 0.090579820	 0.098650445	 0.09964772	 0.09557832	 0.10531541	 0.096869875	 0.093556372	 0.102010515	0.12663862	0.12250232	0.13125202	9.062609e-02	8.752461e-02	9.540677e-02
 5	0.9	neg	CGF	 6.800373e-02	 3.484169e-02	 1.030237e-01	 0.078005860	 0.046156779	 0.112323236	 0.12993809	 0.04442833	 0.19056926	 0.152156137	 0.076918214	 0.203951900	NA	NA	NA	NA	NA	NA
 5	0.9	neg	HI	 9.102647e-02	 7.154859e-02	 1.068970e-01	 0.095943330	 0.083259585	 0.112078807	 0.16063449	 0.13078131	 0.18756734	 0.168837322	 0.138815945	 0.196355450	NA	NA	NA	NA	NA	NA
 5	0.9	pos	CGF	 8.670570e-02	 7.726183e-02	 9.666787e-02	 0.045746980	 0.021685957	 0.067329935	 0.16248825	 0.14260894	 0.17997810	 0.086960332	 0.048989110	 0.124795450	0.63104267	0.61908799	0.64307881	NA	NA	NA
 5	0.9	pos	HI	 1.188586e-01	 1.025895e-01	 1.332514e-01	 0.102272493	 0.082899675	 0.118323662	 0.21428432	 0.18538750	 0.23858028	 0.179400490	 0.143419090	 0.218103870	0.92098697	0.90736699	0.93254337	NA	NA	NA
 6	0.0	neg	CGF	 5.847937e-02	 5.388631e-02	 6.390579e-02	 0.059631316	 0.055116335	 0.065172125	 0.07518503	 0.06844069	 0.08080153	 0.075446836	 0.069070258	 0.081718203	0.05241274	0.04683184	0.05993400	5.022393e-02	4.569831e-02	5.511625e-02
 6	0.0	neg	HI	 9.381761e-02	 8.978744e-02	 9.709415e-02	 0.094347402	 0.090711957	 0.098845892	 0.09546990	 0.09224694	 0.09922638	 0.095462851	 0.091546980	 0.099239413	0.09302695	0.08915391	0.09699987	9.313112e-02	9.032598e-02	9.678361e-02
 6	0.0	pos	CGF	 6.923386e-02	 6.436009e-02	 7.414677e-02	 0.065605565	 0.061311719	 0.071559647	 0.08756279	 0.08203459	 0.09497530	 0.082749875	 0.077363316	 0.090790241	0.25206588	0.24451509	0.25816678	NA	NA	NA
 6	0.0	pos	HI	 9.455021e-02	 9.118798e-02	 9.834947e-02	 0.091884145	 0.087254615	 0.096503165	 0.09623506	 0.09181956	 0.10009755	 0.093656975	 0.087612123	 0.098267430	0.10863515	0.10480697	0.11285047	9.075529e-02	8.647700e-02	9.446551e-02
 6	0.9	neg	CGF	 5.770977e-02	 3.761932e-02	 8.095843e-02	 0.065442920	 0.041411185	 0.085285283	 0.11672638	 0.06121524	 0.15815725	 0.124343472	 0.083531947	 0.152849277	NA	NA	NA	NA	NA	NA
 6	0.9	neg	HI	 8.800727e-02	 7.858548e-02	 9.907628e-02	 0.090625636	 0.079876167	 0.100903982	 0.15326630	 0.13156858	 0.17167744	 0.159549171	 0.143686140	 0.177117225	NA	NA	NA	NA	NA	NA
 6	0.9	pos	CGF	 9.691117e-02	 8.205837e-02	 1.125296e-01	 0.064626108	 0.045800597	 0.085328882	 0.17985544	 0.15357384	 0.20623687	 0.118708704	 0.082086820	 0.163657647	0.68620312	0.67016010	0.69851353	NA	NA	NA
 6	0.9	pos	HI	 1.037467e-01	 9.457609e-02	 1.149291e-01	 0.086844069	 0.077095115	 0.099370075	 0.18112921	 0.16573395	 0.20198406	 0.151573496	 0.132859102	 0.173330100	0.86615111	0.85681099	0.87745859	NA	NA	NA
 7	0.0	neg	CGF	 7.192530e-02	 6.779781e-02	 7.733643e-02	 0.072998650	 0.069134295	 0.077650905	 0.08819059	 0.08319143	 0.09313971	 0.089987937	 0.083658532	 0.096940173	0.05643816	0.05323043	0.06025623	5.569733e-02	5.191953e-02	5.916900e-02
 7	0.0	neg	HI	 9.042855e-02	 8.577002e-02	 9.492850e-02	 0.090143726	 0.085566758	 0.095461062	 0.09096036	 0.08606038	 0.09498184	 0.091333085	 0.087425665	 0.096597550	0.08987835	0.08607348	0.09379467	8.984965e-02	8.521760e-02	9.511913e-02
 7	0.0	pos	CGF	 7.735227e-02	 7.484352e-02	 7.935729e-02	 0.073889850	 0.071418157	 0.076238532	 0.09482642	 0.09206702	 0.09805990	 0.090563607	 0.087645825	 0.093566807	0.25128020	0.24401486	0.26125257	NA	NA	NA
 7	0.0	pos	HI	 9.646730e-02	 8.973182e-02	 1.036758e-01	 0.095348615	 0.089615952	 0.101675513	 0.09766017	 0.09167774	 0.10522993	 0.095343174	 0.088038033	 0.103435792	0.10417953	0.09713243	0.10939934	9.420401e-02	8.766850e-02	1.016349e-01
 7	0.9	neg	CGF	 4.931685e-02	 3.532885e-02	 6.115616e-02	 0.060828592	 0.051291010	 0.069892905	 0.09084226	 0.06458113	 0.11648095	 0.111126143	 0.092469775	 0.124749110	NA	NA	NA	NA	NA	NA
 7	0.9	neg	HI	 9.675229e-02	 8.035344e-02	 1.138373e-01	 0.099273195	 0.082528827	 0.114939080	 0.16513622	 0.14189014	 0.18792766	 0.168396255	 0.143190980	 0.191255682	NA	NA	NA	NA	NA	NA
 7	0.9	pos	CGF	 9.048985e-02	 8.156648e-02	 9.895567e-02	 0.057151699	 0.041771220	 0.073401755	 0.16687648	 0.15466174	 0.18369649	 0.106882588	 0.081417865	 0.134523052	0.72844336	0.72168627	0.73674898	NA	NA	NA
 7	0.9	pos	HI	 1.035324e-01	 9.767997e-02	 1.090902e-01	 0.089198778	 0.079972272	 0.096031305	 0.17659608	 0.16388700	 0.18837839	 0.153123097	 0.140729655	 0.165361833	0.83300404	0.81885150	0.84304303	NA	NA	NA
 8	0.0	neg	CGF	 7.547575e-02	 7.000701e-02	 8.039185e-02	 0.075631808	 0.070187438	 0.080226032	 0.09018371	 0.08469162	 0.09566892	 0.090771094	 0.085097112	 0.095921390	0.06155110	0.05663781	0.06563535	6.060850e-02	5.682691e-02	6.424196e-02
 8	0.0	neg	HI	 8.977103e-02	 8.507051e-02	 9.518705e-02	 0.090414115	 0.085377338	 0.094528427	 0.09045158	 0.08502360	 0.09543136	 0.090871931	 0.086291955	 0.095372607	0.08982910	0.08502591	0.09520796	9.026359e-02	8.568519e-02	9.431699e-02
 8	0.0	pos	CGF	 8.189256e-02	 7.438034e-02	 8.963808e-02	 0.079067853	 0.071293139	 0.088045989	 0.09842225	 0.08972188	 0.10903223	 0.094664373	 0.087322878	 0.104170386	0.24243760	0.23483719	0.25065246	8.374400e-02	8.374400e-02	8.374400e-02
 8	0.0	pos	HI	 9.429641e-02	 8.940027e-02	 9.936921e-02	 0.092545237	 0.087241018	 0.098578675	 0.09475652	 0.09005071	 0.10018880	 0.092957852	 0.087776540	 0.099552425	0.09688346	0.09178453	0.10174092	9.187699e-02	8.711393e-02	9.651746e-02
 8	0.9	neg	CGF	 5.658665e-02	 3.646707e-02	 7.657169e-02	 0.069579485	 0.052297505	 0.085385837	 0.10733288	 0.06253504	 0.14720007	 0.120825312	 0.082855490	 0.156366697	NA	NA	NA	NA	NA	NA
 8	0.9	neg	HI	 8.561500e-02	 7.340985e-02	 1.002253e-01	 0.088194046	 0.074940417	 0.099897870	 0.14332471	 0.12424341	 0.16461524	 0.146788124	 0.125710187	 0.170195190	NA	NA	NA	NA	NA	NA
 8	0.9	pos	CGF	 9.525249e-02	 8.887492e-02	 1.022260e-01	 0.069821981	 0.058502623	 0.080005800	 0.17321585	 0.16135506	 0.18489281	 0.126691480	 0.109202278	 0.144773350	0.75598065	0.74503274	0.76788950	NA	NA	NA
 8	0.9	pos	HI	 1.098945e-01	 1.013200e-01	 1.194111e-01	 0.098712586	 0.087253985	 0.112719885	 0.18260202	 0.16879555	 0.20071503	 0.165462503	 0.147648873	 0.187845873	0.80727260	0.80135821	0.81376432	NA	NA	NA
 9	0.0	neg	CGF	 7.283373e-02	 6.909738e-02	 7.658361e-02	 0.073711224	 0.068705767	 0.077456355	 0.08540611	 0.07965646	 0.09014796	 0.086548806	 0.082121753	 0.091116220	0.06102791	0.05798546	0.06365452	6.037873e-02	5.765457e-02	6.343249e-02
 9	0.0	neg	HI	 9.272483e-02	 8.797414e-02	 9.763229e-02	 0.093249063	 0.087589895	 0.098858658	 0.09329858	 0.08773682	 0.09766597	 0.093652010	 0.087640253	 0.099051118	0.09264514	0.08741511	0.09757094	9.311920e-02	8.819758e-02	9.831114e-02
 9	0.0	pos	CGF	 7.936259e-02	 7.539782e-02	 8.408376e-02	 0.076447961	 0.072318160	 0.080346150	 0.09379999	 0.08784564	 0.09899150	 0.089756448	 0.082885120	 0.095265152	0.22991618	0.22047801	0.23855347	6.900980e-02	6.721099e-02	7.175285e-02
 9	0.0	pos	HI	 9.803176e-02	 9.350348e-02	 1.031528e-01	 0.096885931	 0.092236010	 0.103113518	 0.09832198	 0.09483379	 0.10280563	 0.097216480	 0.091622435	 0.102662708	0.09963936	0.09446442	0.10567776	9.596353e-02	9.035246e-02	1.018818e-01
 9	0.9	neg	CGF	 7.891845e-02	 5.699237e-02	 9.938838e-02	 0.084834913	 0.067352623	 0.100961800	 0.13385415	 0.08786255	 0.17711152	 0.153781792	 0.120135568	 0.182975457	NA	NA	NA	NA	NA	NA
 9	0.9	neg	HI	 9.506185e-02	 8.380615e-02	 1.062023e-01	 0.096400181	 0.087161485	 0.108305952	 0.15618513	 0.13763020	 0.17382807	 0.158049265	 0.138189495	 0.180932607	0.04828544	0.04408800	0.05213500	4.646228e-02	4.585100e-02	4.703200e-02
 9	0.9	pos	CGF	 1.084236e-01	 8.973392e-02	 1.251353e-01	 0.085709194	 0.054677135	 0.117081062	 0.19480249	 0.16293681	 0.23337648	 0.153665478	 0.110349910	 0.193927610	0.79263347	0.78478525	0.80166252	NA	NA	NA
 9	0.9	pos	HI	 1.065484e-01	 9.629867e-02	 1.175064e-01	 0.097367419	 0.086170698	 0.109696503	 0.17501817	 0.15967196	 0.19079507	 0.158047194	 0.136253330	 0.182691830	0.77268621	0.75670417	0.78669084	3.398737e+13	3.398737e+13	3.398737e+13
10	0.0	neg	CGF	 8.072075e-02	 7.377645e-02	 8.536629e-02	 0.081327958	 0.077199752	 0.085719345	 0.09391608	 0.08795130	 0.09974801	 0.094394739	 0.088432975	 0.100386897	0.06901351	0.06446984	0.07417559	6.861842e-02	6.429558e-02	7.217681e-02
10	0.0	neg	HI	 8.976960e-02	 8.713670e-02	 9.262286e-02	 0.089818114	 0.086813905	 0.092807958	 0.08994533	 0.08726645	 0.09279809	 0.090050077	 0.086909073	 0.092434053	0.08977096	0.08684000	0.09310921	9.027721e-02	8.665920e-02	9.360926e-02
10	0.0	pos	CGF	 4.927860e+10	 7.950062e-02	 1.394677e+11	 0.078608263	 0.075288664	 0.082734245	 0.09205996	 0.08585630	 0.09822050	 0.088032384	 0.080468760	 0.094962605	0.22132890	0.21636828	0.22581710	7.652541e-02	7.519000e-02	7.785600e-02
10	0.0	pos	HI	 9.324152e-02	 8.952200e-02	 9.598360e-02	 0.092067797	 0.087893130	 0.095576645	 0.09340982	 0.08919502	 0.09674963	 0.092027056	 0.088002257	 0.095266573	0.09352493	0.08953686	0.09668085	9.220162e-02	8.856084e-02	9.498511e-02
10	0.9	neg	CGF	 7.820546e-02	 6.550804e-02	 8.819640e-02	 0.083325559	 0.074076957	 0.093490667	 0.13936281	 0.11869677	 0.15620063	 0.145551207	 0.127814227	 0.160427907	NA	NA	NA	NA	NA	NA
10	0.9	neg	HI	 9.399420e-02	 8.830325e-02	 1.001045e-01	 0.096025126	 0.090206155	 0.102112085	 0.15037412	 0.14053971	 0.15833717	 0.153607338	 0.142886445	 0.163050440	0.04608635	0.04597200	0.04623500	NA	NA	NA
10	0.9	pos	CGF	 1.044686e-01	 9.457545e-02	 1.142661e-01	 0.085482093	 0.069285015	 0.099980253	 0.18476331	 0.16351137	 0.20611818	 0.151664304	 0.122200465	 0.174951492	0.79906807	0.78576884	0.81181356	NA	NA	NA
10	0.9	pos	HI	 8.624089e-02	 7.751952e-02	 9.457978e-02	 0.073599877	 0.063311202	 0.085979422	 0.13801953	 0.12382920	 0.15202993	 0.117800805	 0.102176213	 0.137832505	0.72099349	0.70953528	0.72933349	NA	NA	NA
11	0.0	neg	CGF	 8.031035e-02	 7.430646e-02	 8.502193e-02	 0.080551789	 0.074564942	 0.086364057	 0.09257088	 0.08489196	 0.09966310	 0.092202409	 0.084170818	 0.098716815	0.06999068	0.06420224	0.07515352	6.938097e-02	6.404065e-02	7.493743e-02
11	0.0	neg	HI	 8.786018e-02	 8.295162e-02	 9.182823e-02	 0.087768411	 0.083483283	 0.091207232	 0.08804860	 0.08375981	 0.09193723	 0.088181734	 0.083754520	 0.092717997	0.08794889	0.08358847	0.09294511	8.793299e-02	8.351759e-02	9.181612e-02
11	0.0	pos	CGF	 8.862217e-02	 8.203899e-02	 9.442278e-02	 0.086490846	 0.079745850	 0.091798578	 0.10221584	 0.09581478	 0.10936539	 0.097669928	 0.088680837	 0.106136130	0.21940146	0.21201303	0.22869678	7.809900e-02	7.336828e-02	8.312652e-02
11	0.0	pos	HI	 9.359014e-02	 8.786969e-02	 9.945133e-02	 0.092976871	 0.086905810	 0.100765407	 0.09446854	 0.08713202	 0.09986717	 0.093267736	 0.087621553	 0.097343055	0.09422864	0.08765494	0.10135496	9.310986e-02	8.799942e-02	9.931762e-02
11	0.9	neg	CGF	 8.669171e-02	 6.875914e-02	 1.043369e-01	 0.091094064	 0.074977820	 0.104948547	 0.15022683	 0.10789023	 0.17814400	 0.160672175	 0.129300887	 0.189734785	NA	NA	NA	NA	NA	NA
11	0.9	neg	HI	 8.614411e-02	 7.545807e-02	 9.447630e-02	 0.086895943	 0.076326990	 0.094715237	 0.13583035	 0.11968793	 0.15227191	 0.136816080	 0.124030313	 0.148722613	0.04661712	0.04593000	0.04742500	4.556800e-02	4.556800e-02	4.556800e-02
11	0.9	pos	CGF	 1.046855e-01	 9.543044e-02	 1.134459e-01	 0.090464120	 0.075503425	 0.100319237	 0.18713161	 0.16978158	 0.20489293	 0.159314123	 0.139805623	 0.177927320	0.79866956	0.79076215	0.80957720	NA	NA	NA
11	0.9	pos	HI	 1.070791e-01	 1.002738e-01	 1.148877e-01	 0.099949441	 0.092668352	 0.107691027	 0.16745478	 0.15692174	 0.17878162	 0.155666280	 0.143545632	 0.169180168	0.69137197	0.68293826	0.69766392	NA	NA	NA
12	0.0	neg	CGF	 8.666514e-02	 8.167669e-02	 8.989920e-02	 0.087465756	 0.082796892	 0.092102785	 0.09770183	 0.09303891	 0.10222291	 0.098324454	 0.093738788	 0.102987220	0.07655755	0.07305425	0.07963310	7.557326e-02	7.213303e-02	7.877385e-02
12	0.0	neg	HI	 9.240101e-02	 8.673491e-02	 9.874613e-02	 0.092840088	 0.086889910	 0.099135805	 0.09212451	 0.08685055	 0.09898026	 0.092612051	 0.086143375	 0.098654332	0.09234486	0.08593603	0.09802146	9.219534e-02	8.641484e-02	9.815827e-02
12	0.0	pos	CGF	 8.991407e-02	 8.731264e-02	 9.180004e-02	 0.086835619	 0.084514122	 0.089195786	 0.10122739	 0.09833661	 0.10377121	 0.098037873	 0.095408464	 0.100417856	0.20694234	0.20201122	0.21154596	7.599333e-02	7.367114e-02	7.798466e-02
12	0.0	pos	HI	 9.325735e-02	 8.962389e-02	 9.663020e-02	 0.092311458	 0.088473845	 0.095590522	 0.09303017	 0.08973916	 0.09665147	 0.092258136	 0.089076475	 0.095778290	0.09272622	0.08983749	0.09614467	9.189140e-02	8.879905e-02	9.517698e-02
12	0.9	neg	CGF	 7.274557e-02	 5.839947e-02	 9.019221e-02	 0.076829446	 0.061837633	 0.095234995	 0.12753337	 0.10337923	 0.15413522	 0.135962396	 0.109145318	 0.164400497	NA	NA	NA	NA	NA	NA
12	0.9	neg	HI	 9.001730e-02	 8.214084e-02	 9.826647e-02	 0.092350097	 0.084074928	 0.099487295	 0.14013199	 0.12732616	 0.15063044	 0.141001177	 0.127321495	 0.153508615	0.04899003	0.04594931	0.05328470	4.951869e-02	4.470000e-02	5.457500e-02
12	0.9	pos	CGF	 9.981692e-02	 9.000074e-02	 1.090366e-01	 0.082616800	 0.071076590	 0.092275552	 0.17377558	 0.15552547	 0.18705663	 0.141337097	 0.116672678	 0.166847000	0.80844666	0.79369115	0.82513621	NA	NA	NA
12	0.9	pos	HI	 1.073704e-01	 9.925301e-02	 1.140713e-01	 0.101023866	 0.090436972	 0.111006390	 0.16488054	 0.15110883	 0.17890068	 0.155380444	 0.143435110	 0.166787258	0.67239123	0.66199664	0.68320661	NA	NA	NA
13	0.0	neg	CGF	 8.869795e-02	 8.248235e-02	 9.504052e-02	 0.088819012	 0.082349567	 0.095918880	 0.09881170	 0.09225565	 0.10507150	 0.099455040	 0.092298202	 0.107004910	0.07896063	0.07367551	0.08520768	7.824293e-02	7.378478e-02	8.349205e-02
13	0.0	neg	HI	 9.395798e-02	 8.709328e-02	 1.005150e-01	 0.093853709	 0.086325965	 0.101246895	 0.09350600	 0.08471774	 0.10132760	 0.094203292	 0.087912250	 0.099976555	0.09407661	0.08565346	0.10240083	9.404119e-02	8.796969e-02	9.941851e-02
13	0.0	pos	CGF	 8.791365e-02	 8.279398e-02	 9.337576e-02	 0.085313980	 0.080335328	 0.090382958	 0.09853975	 0.09298833	 0.10459711	 0.094951839	 0.089772333	 0.101143761	0.19835525	0.19135552	0.20567225	7.548140e-02	7.072167e-02	8.025595e-02
13	0.0	pos	HI	 9.967614e-02	 9.611698e-02	 1.033561e-01	 0.098869688	 0.095397290	 0.101796260	 0.09968314	 0.09588858	 0.10394325	 0.099035489	 0.095647287	 0.102311443	0.09951936	0.09492155	0.10349022	9.848670e-02	9.440347e-02	1.024694e-01
13	0.9	neg	CGF	 8.594868e-02	 7.315094e-02	 9.679854e-02	 0.088176677	 0.078047823	 0.099712593	 0.14926117	 0.12739894	 0.17030983	 0.152864010	 0.134564110	 0.169903572	NA	NA	NA	NA	NA	NA
13	0.9	neg	HI	 9.466016e-02	 8.531948e-02	 1.032732e-01	 0.096622642	 0.086673692	 0.104649950	 0.14238711	 0.12691154	 0.15532185	 0.145365486	 0.131888722	 0.157459503	0.05126112	0.04842765	0.05450224	4.934382e-02	4.645642e-02	5.223149e-02
13	0.9	pos	CGF	 1.094375e-01	 9.739147e-02	 1.192918e-01	 0.095850041	 0.082380768	 0.107294155	 0.18464373	 0.16875104	 0.20279924	 0.164395729	 0.140844125	 0.185832940	0.80295769	0.78912942	0.82044221	NA	NA	NA
13	0.9	pos	HI	 1.047033e-01	 9.560731e-02	 1.128144e-01	 0.097419718	 0.089611602	 0.108061620	 0.15764717	 0.14442711	 0.17275975	 0.149331059	 0.135283413	 0.161080580	0.64988862	0.63803448	0.66158406	NA	NA	NA
14	0.0	neg	CGF	 9.176823e-02	 8.502230e-02	 9.741838e-02	 0.093151699	 0.087070317	 0.098393353	 0.10148885	 0.09502423	 0.10745498	 0.102589475	 0.096666240	 0.109054983	0.08313891	0.07812861	0.08837149	8.293505e-02	7.843954e-02	8.714048e-02
14	0.0	neg	HI	 8.968059e-02	 8.308552e-02	 9.519472e-02	 0.089764147	 0.081508925	 0.096688105	 0.09009678	 0.08182724	 0.09625355	 0.090940384	 0.084063395	 0.096963925	0.09016218	0.08256478	0.09611623	9.000720e-02	8.340368e-02	9.474829e-02
14	0.0	pos	CGF	 8.869171e-02	 8.290312e-02	 9.296901e-02	 0.085505452	 0.079930183	 0.090123242	 0.09794431	 0.09368069	 0.10193473	 0.094160228	 0.088190492	 0.099756444	0.19531331	0.19004268	0.19944974	7.630655e-02	7.177256e-02	8.065133e-02
14	0.0	pos	HI	 9.631251e-02	 9.019472e-02	 1.015561e-01	 0.096055623	 0.090908507	 0.099901587	 0.09604879	 0.09033622	 0.10178877	 0.095004108	 0.091546688	 0.099758870	0.09561141	0.09059907	0.10054334	9.559474e-02	9.115210e-02	1.004828e-01
14	0.9	neg	CGF	 9.256910e-02	 7.933190e-02	 1.040483e-01	 0.092932446	 0.080816586	 0.108913182	 0.15729588	 0.14199266	 0.17494811	 0.161953113	 0.138738025	 0.187880710	NA	NA	NA	NA	NA	NA
14	0.9	neg	HI	 9.734811e-02	 8.925123e-02	 1.045793e-01	 0.099197841	 0.091195562	 0.106210475	 0.14547072	 0.13217526	 0.15657710	 0.146480902	 0.134018422	 0.159247575	0.05515438	0.05239460	0.05773768	5.314308e-02	5.063391e-02	5.553010e-02
14	0.9	pos	CGF	 9.662530e-02	 9.158732e-02	 1.013810e-01	 0.082315411	 0.077164477	 0.087753455	 0.16404905	 0.15587160	 0.17242410	 0.140766298	 0.129916335	 0.152311090	0.78960331	0.77864567	0.79993353	NA	NA	NA
14	0.9	pos	HI	 1.018336e-01	 9.424449e-02	 1.108455e-01	 0.095741786	 0.086170490	 0.106164173	 0.15282740	 0.14072144	 0.16594458	 0.142545763	 0.128240835	 0.155675702	0.61572509	0.60559500	0.62688130	NA	NA	NA
15	0.0	neg	CGF	 8.898077e-02	 8.413474e-02	 9.423229e-02	 0.089751782	 0.084439345	 0.095289400	 0.09741112	 0.09200975	 0.10291786	 0.097846117	 0.093632163	 0.104441057	0.08065986	0.07652331	0.08445383	8.019162e-02	7.641740e-02	8.562606e-02
15	0.0	neg	HI	 9.091506e-02	 8.649030e-02	 9.514303e-02	 0.090938648	 0.086374585	 0.094707702	 0.09082268	 0.08665935	 0.09438975	 0.090928077	 0.086519415	 0.094173697	0.09172892	0.08738372	0.09544196	9.114012e-02	8.724461e-02	9.480119e-02
15	0.0	pos	CGF	 9.853453e-02	 9.487894e-02	 1.032925e-01	 0.095940259	 0.091779710	 0.101002425	 0.10860498	 0.10436987	 0.11369322	 0.104958556	 0.100493175	 0.110684095	0.19205718	0.18747128	0.19657200	8.618807e-02	8.264974e-02	9.124807e-02
15	0.0	pos	HI	 9.865846e-02	 9.564450e-02	 1.034191e-01	 0.097561881	 0.094538258	 0.101208827	 0.09851844	 0.09468421	 0.10402940	 0.097882018	 0.094374242	 0.102759318	0.09788241	0.09429170	0.10322708	9.757862e-02	9.376457e-02	1.015006e-01
15	0.9	neg	CGF	 8.404573e-02	 7.514333e-02	 9.265667e-02	 0.086410164	 0.076377939	 0.095906622	 0.14110499	 0.12848296	 0.15732932	 0.145629233	 0.129433400	 0.160278294	NA	NA	NA	NA	NA	NA
15	0.9	neg	HI	 9.072988e-02	 8.523532e-02	 9.605854e-02	 0.092303554	 0.086376440	 0.097140410	 0.13330763	 0.12498512	 0.14053892	 0.133867015	 0.126931410	 0.140802315	0.05234842	0.04900935	0.05533079	5.162673e-02	4.942967e-02	5.443241e-02
15	0.9	pos	CGF	 1.112069e-01	 1.025863e-01	 1.200774e-01	 0.099595707	 0.089655472	 0.110429195	 0.18626302	 0.17216109	 0.20709304	 0.167060425	 0.148669690	 0.188120700	0.80232667	0.78901629	0.82081872	NA	NA	NA
15	0.9	pos	HI	 9.679375e-02	 8.983573e-02	 1.071081e-01	 0.090982718	 0.082164017	 0.100515430	 0.14305488	 0.13047590	 0.15602779	 0.134603346	 0.122148758	 0.148208255	0.58470232	0.57596408	0.59443697	NA	NA	NA
16	0.0	neg	CGF	 8.763875e-02	 8.316631e-02	 9.225830e-02	 0.088527922	 0.084256247	 0.093409697	 0.09605299	 0.09168505	 0.10044314	 0.096881838	 0.091898960	 0.101993593	0.08093932	0.07647675	0.08518650	8.048786e-02	7.679103e-02	8.467152e-02
16	0.0	neg	HI	 8.914655e-02	 8.550327e-02	 9.328799e-02	 0.089177376	 0.084418985	 0.094752460	 0.08922736	 0.08514149	 0.09447149	 0.089271322	 0.085463675	 0.094216755	0.08950149	0.08494242	0.09386786	8.900330e-02	8.461269e-02	9.385720e-02
16	0.0	pos	CGF	 9.262051e-02	 8.881372e-02	 9.622262e-02	 0.089483304	 0.085546425	 0.095177897	 0.10104977	 0.09656101	 0.10573682	 0.097370920	 0.092456820	 0.103258638	0.18480798	0.17920576	0.19001002	8.107114e-02	7.682141e-02	8.620860e-02
16	0.0	pos	HI	 9.646308e-02	 9.138039e-02	 1.016926e-01	 0.095311552	 0.088505410	 0.101779608	 0.09664799	 0.09061722	 0.10268093	 0.095513295	 0.090057943	 0.102341190	0.09625678	0.09126023	0.10314173	9.516466e-02	9.056763e-02	1.005247e-01
16	0.9	neg	CGF	 8.775822e-02	 7.420485e-02	 9.906564e-02	 0.089746300	 0.077063975	 0.099674556	 0.14559939	 0.12504920	 0.16642921	 0.150204913	 0.128415950	 0.170954614	NA	NA	NA	NA	NA	NA
16	0.9	neg	HI	 1.046728e-01	 9.451804e-02	 1.117834e-01	 0.105982449	 0.097843272	 0.115068970	 0.15284794	 0.13526095	 0.16348548	 0.151073608	 0.136988115	 0.161767437	0.06394777	0.06057831	0.06958587	6.125579e-02	5.814854e-02	6.478107e-02
16	0.9	pos	CGF	 1.148432e-01	 1.080266e-01	 1.230542e-01	 0.105264254	 0.095544468	 0.114044815	 0.19108083	 0.17972331	 0.20409313	 0.174286341	 0.163029945	 0.186631528	0.78817741	0.77875090	0.79715028	NA	NA	NA
16	0.9	pos	HI	 9.489204e-02	 9.026454e-02	 1.003533e-01	 0.088938556	 0.084528015	 0.094174270	 0.13726278	 0.13100305	 0.14395910	 0.128533005	 0.119780660	 0.137761775	0.56965993	0.56212073	0.57827585	NA	NA	NA
17	0.0	neg	CGF	 8.910674e-02	 8.488675e-02	 9.265471e-02	 0.089820537	 0.086095370	 0.094740665	 0.09704973	 0.09246347	 0.10213729	 0.097377115	 0.093067555	 0.102560482	0.08324942	0.08005181	0.08679866	8.242355e-02	7.864529e-02	8.606220e-02
17	0.0	neg	HI	 8.816556e-02	 8.402557e-02	 9.173059e-02	 0.087864041	 0.084370730	 0.091097792	 0.08803407	 0.08394929	 0.09130775	 0.088486426	 0.083538147	 0.092453152	0.08820433	0.08473722	0.09143125	8.851797e-02	8.403549e-02	9.191283e-02
17	0.0	pos	CGF	 9.027316e-02	 8.569072e-02	 9.519720e-02	 0.087697661	 0.083692240	 0.093354632	 0.09853750	 0.09252134	 0.10472259	 0.094872921	 0.090237943	 0.100684512	0.17960423	0.17397689	0.18579234	8.036454e-02	7.615538e-02	8.534154e-02
17	0.0	pos	HI	 9.752734e-02	 9.372521e-02	 1.013582e-01	 0.096925197	 0.092111317	 0.100627292	 0.09735077	 0.09284209	 0.10231026	 0.096558152	 0.092789750	 0.101231662	0.09728189	0.09378178	0.10116062	9.701232e-02	9.227356e-02	1.017470e-01
17	0.9	neg	CGF	 8.041202e-02	 7.056440e-02	 9.138030e-02	 0.078459097	 0.068801414	 0.087679383	 0.13457409	 0.11542518	 0.15451007	 0.130240764	 0.114682284	 0.150241461	NA	NA	NA	NA	NA	NA
17	0.9	neg	HI	 9.240546e-02	 8.538234e-02	 1.002917e-01	 0.093430244	 0.085890068	 0.100715425	 0.13180677	 0.11950304	 0.14171149	 0.132483199	 0.120594533	 0.144138305	0.05856000	0.05470475	0.06195785	5.586489e-02	5.288848e-02	5.921087e-02
17	0.9	pos	CGF	 1.054699e-01	 9.501371e-02	 1.171038e-01	 0.094494192	 0.081360325	 0.110120800	 0.17232933	 0.15529291	 0.19392258	 0.155234002	 0.133410570	 0.177128572	0.77586887	0.76444402	0.78363190	NA	NA	NA
17	0.9	pos	HI	 1.050795e-01	 9.576053e-02	 1.129679e-01	 0.100266301	 0.089047767	 0.106844038	 0.14899159	 0.13881580	 0.15839689	 0.142055828	 0.127823230	 0.153899553	0.54671124	0.53814236	0.55751432	NA	NA	NA
18	0.0	neg	CGF	 8.814323e-02	 7.995937e-02	 9.560634e-02	 0.088142617	 0.081594400	 0.094691972	 0.09422533	 0.08770449	 0.10230308	 0.095579991	 0.088947055	 0.101771402	0.08167749	0.07653209	0.08826492	8.185583e-02	7.672612e-02	8.842663e-02
18	0.0	neg	HI	 9.489859e-02	 9.088943e-02	 1.000622e-01	 0.095211291	 0.090853382	 0.099543475	 0.09455965	 0.09019519	 0.09878795	 0.094783705	 0.090583000	 0.100047345	0.09449804	0.09067495	0.09933927	9.470965e-02	8.985713e-02	9.969673e-02
18	0.0	pos	CGF	 9.216025e-02	 8.781749e-02	 9.664440e-02	 0.089788220	 0.085698972	 0.093696785	 0.09999890	 0.09561671	 0.10487449	 0.096684177	 0.092086840	 0.101485782	0.17367978	0.16831282	0.17864137	8.209127e-02	7.827376e-02	8.524208e-02
18	0.0	pos	HI	 9.652325e-02	 9.120033e-02	 1.020982e-01	 0.095733634	 0.090826645	 0.100341095	 0.09621783	 0.09134123	 0.10107546	 0.095665463	 0.091674718	 0.100050498	0.09617760	0.08989723	0.10123001	9.595474e-02	9.102887e-02	1.008655e-01
18	0.9	neg	CGF	 9.301163e-02	 8.313517e-02	 1.022182e-01	 0.094369659	 0.085755009	 0.104151250	 0.15026032	 0.13644056	 0.16547627	 0.154747030	 0.141855872	 0.168940394	0.05122800	0.05122800	0.05122800	NA	NA	NA
18	0.9	neg	HI	 9.907475e-02	 9.330138e-02	 1.047963e-01	 0.099225951	 0.093221367	 0.104513417	 0.13761077	 0.12722689	 0.14623973	 0.139011375	 0.129681720	 0.147593987	0.06239072	0.05947271	0.06515428	5.991589e-02	5.681603e-02	6.335989e-02
18	0.9	pos	CGF	 1.006816e-01	 8.647171e-02	 1.158641e-01	 0.088516581	 0.073600733	 0.104905415	 0.16313966	 0.13902748	 0.18846578	 0.147935052	 0.119576980	 0.182212737	0.74902502	0.73877849	0.75968226	NA	NA	NA
18	0.9	pos	HI	 1.013202e-01	 9.444008e-02	 1.075137e-01	 0.096053624	 0.088901710	 0.103023288	 0.14273932	 0.13470893	 0.15047707	 0.135842612	 0.126116088	 0.146142903	0.51827613	0.50842127	0.52709715	NA	NA	NA
19	0.0	neg	CGF	 9.498589e-02	 9.030143e-02	 1.003547e-01	 0.095374607	 0.090600317	 0.099783607	 0.10163410	 0.09641399	 0.10587201	 0.101850788	 0.096461522	 0.106814997	0.08944344	0.08510800	0.09380380	8.898232e-02	8.428149e-02	9.346687e-02
19	0.0	neg	HI	 8.952918e-02	 8.277492e-02	 9.545346e-02	 0.090861912	 0.083405505	 0.097295533	 0.08981425	 0.08421111	 0.09590034	 0.090213085	 0.084122493	 0.096580063	0.09081596	0.08371015	0.09778563	9.011894e-02	8.296156e-02	9.676735e-02
19	0.0	pos	CGF	 9.541858e-02	 9.300234e-02	 9.852454e-02	 0.092639227	 0.089927925	 0.095777793	 0.10217052	 0.09890847	 0.10546424	 0.099917229	 0.096825480	 0.103428207	0.16812549	0.16330741	0.17274508	8.571267e-02	8.323470e-02	8.839523e-02
19	0.0	pos	HI	 9.775197e-02	 9.369364e-02	 1.020694e-01	 0.097342535	 0.093475775	 0.101131210	 0.09725544	 0.09344195	 0.10083655	 0.097442580	 0.094021053	 0.100975518	0.09760847	0.09317908	0.10117793	9.741499e-02	9.300995e-02	1.011777e-01
19	0.9	neg	CGF	 9.466865e-02	 8.679780e-02	 1.051250e-01	 0.095603390	 0.086325991	 0.102713906	 0.15231616	 0.13995750	 0.16629019	 0.154904801	 0.143986956	 0.168298297	0.04738900	0.04738900	0.04738900	4.492600e-02	4.492600e-02	4.492600e-02
19	0.9	neg	HI	 9.160128e-02	 8.586379e-02	 9.848949e-02	 0.092450040	 0.085783388	 0.098084472	 0.12564079	 0.11943276	 0.13278100	 0.126794509	 0.119323877	 0.133926375	0.06000468	0.05621574	0.06366845	5.712424e-02	5.374296e-02	6.004786e-02
19	0.9	pos	CGF	 1.090969e-01	 9.835292e-02	 1.187176e-01	 0.100202741	 0.090332145	 0.112925332	 0.17730898	 0.16240310	 0.19456435	 0.161970930	 0.144214718	 0.179438078	0.74045392	0.72454970	0.75197594	NA	NA	NA
19	0.9	pos	HI	 9.895398e-02	 9.177171e-02	 1.065846e-01	 0.093805331	 0.084719313	 0.100650862	 0.13710703	 0.12568944	 0.14768112	 0.129897812	 0.118384410	 0.140377165	0.50125896	0.49202242	0.51175087	NA	NA	NA
20	0.0	neg	CGF	 9.028702e-02	 8.503121e-02	 9.598542e-02	 0.090766652	 0.085450465	 0.097070133	 0.09611915	 0.08983059	 0.10292953	 0.096804168	 0.089725195	 0.105116612	0.08575162	0.08058962	0.09101272	8.438004e-02	7.902694e-02	9.013397e-02
20	0.0	neg	HI	 9.159001e-02	 8.713215e-02	 9.746935e-02	 0.091969008	 0.085206935	 0.096712235	 0.09162942	 0.08716569	 0.09596519	 0.091665790	 0.087211573	 0.096560345	0.09220037	0.08623263	0.09764473	9.188863e-02	8.685339e-02	9.703622e-02
20	0.0	pos	CGF	 9.835461e-02	 9.306028e-02	 1.026975e-01	 0.095930778	 0.090882370	 0.102023720	 0.10512293	 0.10112833	 0.10956866	 0.102291020	 0.095788613	 0.109276480	0.16712920	0.16243554	0.17231012	8.843239e-02	8.396619e-02	9.348736e-02
20	0.0	pos	HI	 9.336501e-02	 8.905253e-02	 9.814260e-02	 0.092423270	 0.088375883	 0.098067850	 0.09298119	 0.08856782	 0.09755570	 0.092629773	 0.087625748	 0.096989455	0.09310811	0.08851337	0.09807659	9.256220e-02	8.823674e-02	9.803197e-02
20	0.9	neg	CGF	 9.956508e-02	 9.475791e-02	 1.043372e-01	 0.101649746	 0.096173241	 0.107006750	 0.15806691	 0.14801276	 0.16806304	 0.161384659	 0.151839656	 0.170591012	0.04595819	0.04372090	0.04730281	4.494300e-02	4.494300e-02	4.494300e-02
20	0.9	neg	HI	 9.471748e-02	 9.041672e-02	 1.000178e-01	 0.095774169	 0.090408955	 0.100971542	 0.12855585	 0.12234117	 0.13693282	 0.130229773	 0.121356480	 0.137483307	0.06267836	0.05939100	0.06636302	6.093096e-02	5.786789e-02	6.461359e-02
20	0.9	pos	CGF	 1.044825e-01	 9.911123e-02	 1.091316e-01	 0.096886403	 0.089343115	 0.103105147	 0.16744895	 0.15855385	 0.17577222	 0.153454306	 0.142514895	 0.163539387	0.72421520	0.71739079	0.73167838	NA	NA	NA
20	0.9	pos	HI	 9.259496e-02	 8.679242e-02	 9.818448e-02	 0.088538732	 0.082383300	 0.094027995	 0.12710370	 0.11813153	 0.13606983	 0.119995029	 0.111701408	 0.130740223	0.46650045	0.45419203	0.47540209	NA	NA	NA
