t	P	cov	vg_standard.mean	vg_standard.CI95l	vg_standard.CI95r	vg_standard_ganc.mean	vg_standard_ganc.CI95l	vg_standard_ganc.CI95r	vg_VarX.mean	vg_VarX.CI95l	vg_VarX.CI95r	vg_Varx_ganc.mean	vg_Varx_ganc.CI95l	vg_Varx_ganc.CI95r	vg_LD.mean	vg_LD.CI95l	vg_LD.CI95r	vg_LD_ganc.mean	vg_LD_ganc.CI95l	vg_LD_ganc.CI95r	model	manc	vanc	exp1	exp2	exp3	exp4	exp.total
 0	0.0	neg	0.05179037	0.04791914	0.05601016	0.9784286	0.9550896	1.0009787	0.06653121	0.06165309	0.07306907	1.0324744	1.0132668	1.0534024	0.9033733	0.8918953	0.9153884	0.8994258	0.8908427	0.9115210	HI	0.5000000	0.2500250025	0.9074233	0.09257669	9.258595e-02	-1.799412e-01	0.9126447
 0	0.0	pos	6.05661837	5.98133443	6.11030658	0.9949325	0.9813126	1.0079064	7.34653241	7.25157024	7.43457505	1.0513370	1.0374056	1.0644714	2.0484247	2.0366530	2.0612371	0.9014458	0.8961771	0.9087692	HI	0.5000000	0.2500250025	0.9074233	0.09257669	9.258595e-02	 9.638168e-01	2.0564028
 0	0.9	neg	0.05018260	0.04654813	0.05347833	0.9804125	0.9603286	1.0037589	0.06448329	0.05937471	0.06848434	1.0345356	1.0153467	1.0541020	0.9047936	0.8967505	0.9117936	0.9007832	0.8930839	0.9066953	HI	0.5000000	0.2500250025	0.9074233	0.09257669	9.258595e-02	-1.799412e-01	0.9126447
 0	0.9	pos	6.10275125	6.02812025	6.16724743	1.0001172	0.9862291	1.0149480	7.40254076	7.32646888	7.46884911	1.0541935	1.0332705	1.0715895	2.0609657	2.0526350	2.0737650	0.9036917	0.8948629	0.9102176	HI	0.5000000	0.2500250025	0.9074233	0.09257669	9.258595e-02	 9.638168e-01	2.0564028
 1	0.0	neg	0.11755883	0.11078598	0.12367546	0.9918742	0.9702225	1.0197016	0.13686238	0.12987677	0.14443425	1.0252545	1.0039644	1.0454665	0.9524782	0.9408446	0.9665267	0.9500139	0.9386710	0.9612582	HI	0.5000021	0.1239750984	0.9074233	0.09257669	4.590882e-02	-8.922400e-02	0.9566848
 1	0.0	pos	5.66767332	5.56165791	5.77272861	0.9974495	0.9850668	1.0096731	6.24899490	6.12527683	6.36448407	1.0343685	1.0213097	1.0468696	1.5307397	1.5162890	1.5439094	0.9490864	0.9394946	0.9596069	HI	0.5000000	0.1259749807	0.9074233	0.09257669	4.664939e-02	 4.856187e-01	1.5322680
 1	0.9	neg	0.05480490	0.04924912	0.05917343	0.9869740	0.9651366	1.0060946	0.07046722	0.06427171	0.07662831	1.0395155	1.0204320	1.0645018	0.9114669	0.9019354	0.9228100	0.9064776	0.8954513	0.9159766	HI	0.4999951	0.2374799973	0.9074234	0.09257669	8.794045e-02	-1.709127e-01	0.9170279
 1	0.9	pos	6.07255692	5.99057250	6.16091465	1.0013464	0.9774834	1.0200284	7.30163384	7.20002290	7.41207285	1.0564714	1.0368646	1.0750848	2.0104178	1.9904837	2.0325429	0.9102094	0.8973011	0.9217084	HI	0.4999961	0.2380796157	0.9074234	0.09257669	8.816250e-02	 9.177688e-01	2.0059313
10	0.0	neg	0.99674437	0.98658380	1.00742643	0.9976810	0.9872704	1.0071608	0.99758201	0.98748324	1.00818030	0.9968448	0.9851697	1.0060196	1.0020367	0.9950822	1.0083952	1.0018005	0.9928705	1.0090937	HI	0.4999470	0.0003697055	0.9074242	0.09257669	1.369045e-04	-2.660744e-04	0.9998718
10	0.0	pos	0.99906295	0.98495151	1.01495610	0.9954922	0.9788260	1.0101639	0.99837630	0.98112787	1.01619247	0.9961556	0.9806788	1.0091490	0.9972002	0.9874640	1.0082542	0.9949663	0.9837985	1.0045080	HI	0.4999970	0.0003688389	0.9074234	0.09257669	1.365835e-04	 1.421830e-03	1.0015585
10	0.9	neg	0.08973225	0.08666720	0.09249015	1.0100535	0.9973038	1.0209453	0.10687504	0.10274390	0.11008537	1.0512321	1.0379253	1.0660395	0.9514894	0.9416627	0.9584205	0.9490375	0.9397557	0.9573634	HI	0.5000078	0.1507642018	0.9074232	0.09257669	5.582901e-02	-1.085039e-01	0.9473249
10	0.9	pos	5.87561626	5.80405535	5.92762123	0.9895329	0.9765653	1.0040303	6.61066806	6.51979107	6.67867508	1.0287871	1.0179987	1.0415661	1.6306118	1.6189013	1.6405847	0.9339102	0.9266404	0.9410754	HI	0.5000177	0.1501698033	0.9074230	0.09257669	5.560890e-02	 5.788868e-01	1.6344954
11	0.0	neg	0.97588464	0.95845557	0.99270473	0.9767802	0.9619781	0.9923267	0.97616634	0.96003392	0.99268917	0.9754181	0.9545057	0.9903510	0.9874851	0.9791972	0.9955584	0.9895514	0.9807766	0.9982908	HI	0.4999785	0.0002485618	0.9074237	0.09257669	9.204413e-05	-1.788882e-04	0.9999135
11	0.0	pos	1.00337357	0.99512680	1.01084748	1.0020492	0.9914862	1.0106081	1.00353169	0.99485191	1.00999118	1.0020511	0.9946017	1.0094184	0.9985157	0.9937146	1.0032837	0.9971052	0.9913988	1.0016268	HI	0.5000495	0.0002471842	0.9074224	0.09257669	9.153398e-05	 9.528658e-04	1.0010435
11	0.9	neg	0.09483757	0.08985661	0.09922448	0.9903987	0.9772230	1.0011488	0.11332708	0.10687379	0.12048723	1.0309352	1.0189765	1.0426837	0.9463354	0.9391476	0.9532716	0.9446053	0.9387830	0.9505673	HI	0.5000018	0.1432292202	0.9074233	0.09257669	5.303875e-02	-1.030811e-01	0.9499577
11	0.9	pos	5.75529522	5.69649723	5.82199353	1.0004810	0.9852745	1.0158050	6.43027921	6.35485148	6.49329342	1.0388489	1.0235850	1.0536460	1.5991535	1.5902520	1.6081938	0.9449835	0.9405542	0.9510200	HI	0.5000003	0.1429112339	0.9074233	0.09257669	5.292100e-02	 5.509059e-01	1.6038269
12	0.0	neg	0.98822713	0.97565630	0.99966942	0.9902121	0.9756412	1.0010853	0.98965327	0.97594006	1.00375051	0.9914617	0.9763765	1.0024627	0.9953254	0.9869760	1.0028976	0.9963272	0.9877337	1.0043728	HI	0.4999946	0.0001863117	0.9074234	0.09257669	6.899247e-05	-1.340872e-04	0.9999350
12	0.0	pos	1.01278670	0.99525118	1.02788020	1.0105297	0.9924300	1.0254981	1.01252987	0.99373422	1.03009151	1.0111582	0.9921068	1.0302108	1.0089791	0.9971424	1.0175067	1.0066779	0.9950013	1.0162928	HI	0.5000782	0.0001865764	0.9074219	0.09257669	6.909049e-05	 7.192298e-04	1.0007869
12	0.9	neg	0.11202976	0.10546562	0.11892151	1.0029756	0.9814214	1.0201754	0.13067850	0.12300575	0.13929023	1.0384526	1.0171967	1.0596386	0.9549498	0.9407518	0.9652201	0.9527895	0.9391620	0.9619393	HI	0.4999905	0.1358127560	0.9074235	0.09257669	5.029238e-02	-9.774348e-02	0.9525491
12	0.9	pos	5.81645072	5.74124727	5.92376518	0.9835738	0.9689237	0.9995530	6.46776635	6.38195664	6.56005775	1.0192082	1.0017982	1.0334649	1.5691940	1.5556054	1.5850650	0.9348981	0.9257132	0.9424564	HI	0.4999875	0.1357803743	0.9074235	0.09257669	5.028039e-02	 5.234173e-01	1.5736979
13	0.0	neg	0.99532460	0.97540251	1.01449082	0.9965364	0.9759414	1.0123854	0.99618534	0.97714690	1.01813577	0.9950937	0.9781118	1.0134771	1.0009420	0.9907411	1.0107274	1.0000907	0.9902214	1.0094534	HI	0.5000005	0.0001555395	0.9074233	0.09257669	5.759732e-05	-1.119407e-04	0.9999456
13	0.0	pos	1.01781159	0.99823720	1.03790318	1.0161155	0.9974238	1.0355696	1.01824918	1.00069095	1.03239966	1.0156136	0.9984910	1.0355095	1.0123799	1.0031909	1.0197688	1.0110059	1.0027840	1.0195549	HI	0.4999932	0.0001555353	0.9074234	0.09257669	5.759578e-05	 5.995702e-04	1.0006573
13	0.9	neg	0.11690651	0.11164484	0.12207248	1.0124098	0.9953718	1.0309669	0.13618727	0.13068377	0.14222740	1.0493882	1.0324218	1.0666436	0.9604278	0.9501198	0.9695305	0.9582791	0.9484040	0.9692661	HI	0.4999982	0.1293630110	0.9074233	0.09257669	4.790400e-02	-9.310165e-02	0.9548024
13	0.9	pos	5.83165310	5.69527181	5.95971821	0.9868877	0.9697374	1.0067363	6.43594855	6.31252644	6.57943633	1.0217383	1.0022556	1.0394155	1.5465217	1.5329096	1.5656465	0.9402575	0.9300273	0.9520824	HI	0.5000021	0.1290388672	0.9074233	0.09257669	4.778397e-02	 4.974296e-01	1.5452135
14	0.0	neg	1.00760783	0.99647076	1.01649853	1.0069054	0.9968741	1.0157355	1.00721216	0.99620257	1.01542550	1.0061529	0.9939984	1.0153970	1.0042271	0.9988031	1.0091761	1.0044497	0.9982864	1.0092096	HI	0.5000515	0.0001405495	0.9074224	0.09257669	5.204643e-05	-1.011525e-04	0.9999500
14	0.0	pos	0.98913798	0.98009447	0.99814844	0.9879697	0.9796176	0.9983195	0.98850602	0.97951597	0.99835656	0.9877631	0.9804148	0.9967450	0.9950409	0.9890326	1.0009368	0.9941681	0.9870108	1.0003644	HI	0.4999783	0.0001403957	0.9074237	0.09257669	5.198946e-05	 5.412087e-04	1.0005936
14	0.9	neg	0.11808732	0.11020361	0.12830695	1.0224396	1.0002963	1.0495127	0.13684445	0.12913513	0.14908486	1.0580580	1.0359377	1.0765000	0.9676885	0.9537838	0.9786134	0.9666098	0.9520893	0.9782512	HI	0.4999896	0.1229245509	0.9074235	0.09257669	4.551979e-02	-8.846793e-02	0.9570520
14	0.9	pos	5.72403157	5.62673224	5.82945998	0.9995379	0.9883194	1.0091234	6.28543741	6.20061498	6.38759642	1.0330988	1.0188290	1.0484155	1.5198897	1.5077504	1.5313819	0.9478487	0.9392618	0.9552347	HI	0.5000005	0.1228307977	0.9074233	0.09257669	4.548508e-02	 4.734982e-01	1.5189833
15	0.0	neg	0.99480410	0.97667329	1.01236121	0.9944106	0.9780482	1.0104690	0.99646831	0.97695216	1.01613002	0.9952953	0.9789994	1.0158540	0.9950335	0.9852303	1.0029868	0.9952640	0.9843614	1.0044375	HI	0.5000680	0.0001329419	0.9074221	0.09257669	4.922929e-05	-9.567736e-05	0.9999523
15	0.0	pos	1.02654344	1.01476353	1.03550776	1.0260395	1.0134206	1.0350486	1.02665877	1.01632008	1.03693413	1.0256060	1.0137876	1.0352157	1.0163366	1.0097441	1.0226593	1.0147279	1.0083462	1.0205908	HI	0.5000234	0.0001327729	0.9074229	0.09257669	4.916669e-05	 5.118237e-04	1.0005606
15	0.9	neg	0.14176354	0.13560164	0.15155478	0.9979993	0.9853383	1.0122804	0.16207833	0.15560439	0.16979588	1.0319473	1.0184610	1.0456964	0.9608115	0.9543324	0.9695694	0.9578468	0.9510687	0.9660451	HI	0.4999971	0.1163595545	0.9074234	0.09257669	4.308873e-02	-8.374315e-02	0.9593456
15	0.9	pos	5.62468019	5.55259241	5.68350081	1.0086379	0.9936969	1.0239459	6.14267162	6.07736848	6.21630004	1.0414533	1.0263070	1.0548442	1.4984905	1.4911050	1.5042322	0.9571823	0.9482700	0.9637223	HI	0.4999955	0.1172029827	0.9074234	0.09257669	4.340106e-02	 4.518036e-01	1.4952048
16	0.0	neg	1.00434070	0.98933209	1.01875420	1.0045374	0.9892425	1.0192071	1.00397162	0.98854022	1.02115949	1.0038710	0.9882966	1.0237975	1.0031488	0.9931175	1.0128035	1.0038062	0.9926751	1.0168841	HI	0.4999868	0.0001288420	0.9074235	0.09257669	4.771105e-05	-9.272665e-05	0.9999552
16	0.0	pos	1.00737960	0.98241127	1.03121594	1.0069140	0.9841236	1.0291956	1.00751140	0.97710718	1.03286970	1.0052336	0.9771836	1.0313616	1.0037216	0.9916889	1.0169518	1.0029910	0.9896620	1.0147313	HI	0.4999651	0.0001289614	0.9074239	0.09257669	4.775527e-05	 4.971308e-04	1.0005455
16	0.9	neg	0.14632476	0.13967826	0.15560532	1.0048273	0.9902771	1.0160320	0.16667227	0.15957058	0.17684742	1.0383227	1.0235266	1.0533239	0.9636700	0.9575718	0.9708997	0.9614928	0.9523787	0.9696654	HI	0.4999922	0.1105450893	0.9074234	0.09257669	4.093560e-02	-7.955852e-02	0.9613772
16	0.9	pos	5.67808026	5.60370382	5.74982380	0.9924351	0.9731743	1.0185227	6.17472947	6.09378149	6.27107487	1.0245869	1.0076740	1.0441246	1.4772497	1.4632189	1.4902422	0.9525581	0.9412093	0.9630569	HI	0.4999691	0.1115315164	0.9074239	0.09257669	4.130088e-02	 4.299408e-01	1.4712422
17	0.0	neg	0.99708593	0.98635988	1.01185420	0.9946496	0.9846246	1.0063524	0.99500282	0.98245554	1.00958800	0.9959420	0.9847120	1.0068884	0.9961595	0.9893633	1.0035314	0.9962851	0.9894724	1.0039081	HI	0.4999147	0.0001268404	0.9074248	0.09257669	4.696985e-05	-9.128611e-05	0.9999572
17	0.0	pos	1.01541666	1.00203713	1.03526548	1.0138372	1.0024060	1.0270590	1.01448059	1.00147454	1.03054947	1.0144912	1.0017837	1.0302994	1.0085464	0.9996366	1.0200157	1.0075818	0.9987543	1.0174847	HI	0.5000431	0.0001268881	0.9074225	0.09257669	4.698753e-05	 4.891387e-04	1.0005354
17	0.9	neg	0.15676495	0.15271495	0.16091128	1.0014085	0.9890696	1.0148710	0.17801384	0.17408022	0.18275462	1.0332096	1.0211234	1.0483216	0.9620121	0.9555699	0.9680254	0.9601532	0.9543480	0.9657734	HI	0.5000103	0.1046592177	0.9074231	0.09257669	3.875602e-02	-7.532250e-02	0.9634333
17	0.9	pos	5.56140540	5.47319545	5.67657708	0.9984710	0.9763193	1.0187206	6.02330968	5.92047407	6.12192734	1.0290493	1.0109398	1.0503241	1.4514176	1.4404733	1.4648875	0.9573302	0.9478107	0.9674983	HI	0.4999876	0.1061480045	0.9074235	0.09257669	3.930733e-02	 4.091880e-01	1.4484956
18	0.0	neg	0.99687137	0.98242684	1.01136894	0.9976973	0.9805630	1.0119745	0.99767850	0.98422050	1.01319037	0.9988674	0.9835036	1.0141154	1.0019088	0.9903459	1.0092859	1.0030533	0.9938068	1.0135969	HI	0.5000097	0.0001258400	0.9074231	0.09257669	4.659941e-05	-9.056617e-05	0.9999559
18	0.0	pos	1.01368450	1.00122243	1.02393971	1.0145219	1.0032846	1.0239531	1.01550989	1.00422052	1.02813126	1.0142010	1.0004818	1.0269377	1.0089230	1.0008586	1.0184287	1.0082715	1.0016629	1.0157733	HI	0.5000234	0.0001258179	0.9074229	0.09257669	4.659121e-05	 4.850130e-04	1.0005312
18	0.9	neg	0.17161052	0.16098840	0.18113865	1.0141903	1.0004164	1.0262989	0.19327693	0.18310357	0.20629150	1.0440294	1.0338403	1.0564953	0.9718954	0.9653926	0.9794932	0.9705204	0.9649106	0.9750564	HI	0.5000026	0.0998331181	0.9074233	0.09257669	3.696888e-02	-7.184919e-02	0.9651196
18	0.9	pos	5.45219504	5.31764637	5.56477343	0.9944503	0.9776911	1.0128438	5.85683267	5.73865165	5.98937938	1.0241682	1.0093600	1.0380684	1.4204236	1.4059597	1.4368098	0.9548524	0.9472148	0.9642070	HI	0.4999734	0.1006136137	0.9074238	0.09257669	3.725790e-02	 3.878536e-01	1.4251120
19	0.0	neg	0.98311643	0.97047040	0.99916715	0.9818798	0.9704451	0.9937498	0.98421975	0.97050299	1.00155485	0.9832075	0.9703130	0.9960646	0.9925652	0.9831227	1.0030388	0.9948127	0.9846664	1.0044354	HI	0.4999955	0.0001253693	0.9074234	0.09257669	4.642512e-05	-9.022743e-05	0.9999563
19	0.0	pos	1.01232505	0.99520155	1.03045567	1.0120781	0.9959117	1.0310236	1.01335141	0.99612886	1.03437621	1.0117354	0.9949293	1.0334879	1.0072151	0.9964828	1.0196241	1.0068749	0.9976713	1.0168493	HI	0.4999520	0.0001253991	0.9074242	0.09257669	4.643612e-05	 4.833986e-04	1.0005307
19	0.9	neg	0.18288664	0.17352433	0.19175180	0.9914381	0.9737772	1.0082906	0.20567006	0.19444328	0.21777267	1.0208652	1.0033704	1.0377768	0.9628901	0.9536165	0.9723076	0.9617538	0.9535673	0.9705562	HI	0.4999839	0.0950607551	0.9074236	0.09257669	3.520164e-02	-6.841455e-02	0.9667874
19	0.9	pos	5.44092990	5.35577259	5.52216601	1.0084237	0.9827215	1.0367474	5.84111084	5.74401534	5.93632371	1.0373838	1.0024283	1.0666140	1.4132883	1.3971502	1.4281674	0.9644864	0.9485957	0.9786404	HI	0.4999964	0.0960091352	0.9074234	0.09257669	3.555283e-02	 3.701039e-01	1.4056568
 2	0.0	neg	0.32684371	0.32133842	0.33313143	0.9984706	0.9843458	1.0142590	0.34950903	0.34136333	0.35629211	1.0189226	1.0057131	1.0352942	0.9799687	0.9725842	0.9901722	0.9790520	0.9725345	0.9868879	HI	0.5000240	0.0616092625	0.9074229	0.09257669	2.281433e-02	-4.433975e-02	0.9784741
 2	0.0	pos	4.75174359	4.67074137	4.82260681	0.9867933	0.9733600	1.0009661	4.93010195	4.84599959	5.01777380	1.0094592	0.9913541	1.0298630	1.2654745	1.2563250	1.2751084	0.9651619	0.9569081	0.9736650	HI	0.4999898	0.0633139623	0.9074235	0.09257669	2.344559e-02	 2.440678e-01	1.2675136
 2	0.9	neg	0.05363453	0.04903259	0.05838507	0.9843760	0.9700368	1.0040383	0.06754170	0.06217912	0.07387116	1.0354328	1.0226283	1.0536532	0.9124168	0.9058436	0.9192340	0.9092331	0.9037210	0.9158820	HI	0.4999965	0.2261854267	0.9074234	0.09257669	8.375800e-02	-1.627841e-01	0.9209740
 2	0.9	pos	6.10344126	6.02646676	6.16056201	1.0040422	0.9894858	1.0152437	7.28239949	7.20378399	7.34836132	1.0566972	1.0390366	1.0696889	1.9746380	1.9645654	1.9871741	0.9193623	0.9125589	0.9272420	HI	0.5000161	0.2271843856	0.9074230	0.09257669	8.412792e-02	 8.757689e-01	1.9598966
20	0.0	neg	1.00641343	0.98712245	1.02629856	1.0072955	0.9870144	1.0272581	1.00838245	0.98787738	1.03088421	1.0092965	0.9900838	1.0291038	1.0059462	0.9964653	1.0193511	1.0063128	0.9959235	1.0206622	HI	0.4999473	0.0001251717	0.9074242	0.09257669	4.635192e-05	-9.008516e-05	0.9999572
20	0.0	pos	1.00008534	0.97674524	1.01929305	1.0018457	0.9820068	1.0230270	1.00078653	0.97998636	1.02216956	1.0004150	0.9778586	1.0238615	0.9990125	0.9873070	1.0109371	0.9981828	0.9889955	1.0112500	HI	0.5000260	0.0001251292	0.9074228	0.09257669	4.633618e-05	 4.823582e-04	1.0005282
20	0.9	neg	0.19415503	0.18550094	0.20232210	1.0056890	0.9917001	1.0240264	0.21578085	0.20787548	0.22435129	1.0366437	1.0190174	1.0543275	0.9724268	0.9609510	0.9827239	0.9709207	0.9612454	0.9798728	HI	0.4999934	0.0904491089	0.9074234	0.09257669	3.349392e-02	-6.509559e-02	0.9683984
20	0.9	pos	5.22868146	5.11641978	5.32445714	0.9934496	0.9778388	1.0097601	5.57796443	5.43395409	5.68386505	1.0207070	1.0008629	1.0396116	1.3714244	1.3552500	1.3851127	0.9583268	0.9493429	0.9673002	HI	0.4999909	0.0910954494	0.9074235	0.09257669	3.373326e-02	 3.511622e-01	1.3848956
 3	0.0	neg	0.64630015	0.63337077	0.65823268	0.9967130	0.9770129	1.0148198	0.66208949	0.64798346	0.67611543	1.0091015	0.9944112	1.0236000	0.9838379	0.9735305	0.9942108	0.9833145	0.9729580	0.9924784	HI	0.5000109	0.0310019139	0.9074231	0.09257669	1.148022e-02	-2.231186e-02	0.9891682
 3	0.0	pos	2.98141627	2.87765957	3.09140724	0.9910290	0.9730076	1.0156738	3.02250745	2.91820613	3.13422146	1.0025718	0.9809071	1.0216418	1.1338542	1.1200596	1.1543143	0.9828888	0.9708919	0.9943187	HI	0.4999997	0.0317547506	0.9074233	0.09257669	1.175900e-02	 1.224108e-01	1.1341698
 3	0.9	neg	0.05809770	0.05223732	0.06450826	1.0039198	0.9877919	1.0166173	0.07324006	0.06700958	0.08009990	1.0524996	1.0384396	1.0695988	0.9298522	0.9230152	0.9379604	0.9266311	0.9186175	0.9339670	HI	0.4999903	0.2139431931	0.9074235	0.09257669	7.922461e-02	-1.539734e-01	0.9252514
 3	0.9	pos	6.07185176	5.99486588	6.15561082	0.9938160	0.9704999	1.0133805	7.17236267	7.08634635	7.26907948	1.0460215	1.0231542	1.0707075	1.9118953	1.8966111	1.9291729	0.9123323	0.8963838	0.9278390	HI	0.4999891	0.2155821633	0.9074235	0.09257669	7.983154e-02	 8.310438e-01	1.9108755
 4	0.0	neg	0.87607526	0.86137144	0.89051577	1.0080449	0.9921876	1.0212252	0.88239877	0.86511566	0.89615978	1.0131203	0.9953936	1.0311407	0.9962479	0.9873431	1.0039677	0.9962993	0.9893711	1.0038903	HI	0.5000508	0.0154762439	0.9074224	0.09257669	5.730958e-03	-1.113814e-02	0.9945919
 4	0.0	pos	1.72699127	1.68625790	1.76353689	1.0098056	0.9965005	1.0255329	1.73910250	1.70558525	1.77543881	1.0155478	1.0005256	1.0286620	1.0740729	1.0672200	1.0820354	0.9983306	0.9919512	1.0043892	HI	0.4999779	0.0158654708	0.9074237	0.09257669	5.875091e-03	 6.115951e-02	1.0670350
 4	0.9	neg	0.05903111	0.05445531	0.06485914	1.0098570	1.0018626	1.0191398	0.07454360	0.06911108	0.08035762	1.0596451	1.0489426	1.0674954	0.9331343	0.9271482	0.9392958	0.9304262	0.9243770	0.9370268	HI	0.4999740	0.2035955777	0.9074238	0.09257669	7.539282e-02	-1.465263e-01	0.9288670
 4	0.9	pos	6.05081212	5.96553940	6.14104389	0.9956788	0.9815673	1.0100162	7.08741876	6.98142433	7.18981058	1.0443763	1.0295340	1.0586918	1.8694693	1.8566539	1.8824863	0.9217073	0.9144235	0.9286406	HI	0.4999672	0.2043946301	0.9074239	0.09257669	7.568872e-02	 7.879171e-01	1.8636064
 5	0.0	neg	0.95594150	0.94446202	0.96714861	0.9940493	0.9799108	1.0064674	0.95806051	0.94236068	0.97164283	0.9974059	0.9834105	1.0097100	0.9920784	0.9826754	1.0005167	0.9925871	0.9840924	0.9996659	HI	0.4999490	0.0078479200	0.9074242	0.09257669	2.906138e-03	-5.648093e-03	0.9972590
 5	0.0	pos	1.23316557	1.20399366	1.25967203	1.0115825	0.9931033	1.0345194	1.23486488	1.20368051	1.26384713	1.0134208	0.9960779	1.0344887	1.0379376	1.0260662	1.0502897	1.0004350	0.9876184	1.0104509	HI	0.4999708	0.0080096888	0.9074238	0.09257669	2.966042e-03	 3.087640e-02	1.0338430
 5	0.9	neg	0.06763398	0.06373510	0.07197300	1.0114930	0.9973820	1.0265503	0.08453602	0.08011888	0.08987428	1.0579728	1.0444570	1.0697720	0.9384827	0.9318835	0.9468030	0.9358893	0.9280283	0.9434493	HI	0.4999845	0.1937155630	0.9074236	0.09257669	7.173419e-02	-1.394157e-01	0.9323187
 5	0.9	pos	6.03127938	5.96461495	6.09557202	1.0046262	0.9917575	1.0159312	7.03129988	6.96494129	7.12082044	1.0524200	1.0383874	1.0636597	1.8272486	1.8174796	1.8369272	0.9231030	0.9124001	0.9322644	HI	0.5000107	0.1941487790	0.9074231	0.09257669	7.189461e-02	 7.484206e-01	1.8203150
 6	0.0	neg	1.00518924	0.99461775	1.01837206	1.0176909	1.0071460	1.0293126	1.00626281	0.99495308	1.01956082	1.0199807	1.0059038	1.0324524	1.0065091	1.0012905	1.0124013	1.0073685	1.0023239	1.0130718	HI	0.4999794	0.0039949242	0.9074237	0.09257669	1.479348e-03	-2.875119e-03	0.9986046
 6	0.0	pos	1.07006557	1.04825761	1.09743009	1.0000683	0.9831057	1.0221614	1.06888569	1.04360312	1.09363807	1.0004966	0.9817945	1.0248535	1.0167776	1.0062025	1.0289372	0.9935907	0.9835477	1.0052394	HI	0.5000543	0.0040448325	0.9074223	0.09257669	1.497829e-03	 1.559235e-02	1.0170892
 6	0.9	neg	0.06509030	0.06111391	0.06902826	0.9878690	0.9690740	1.0057268	0.08027128	0.07503548	0.08610113	1.0332650	1.0138379	1.0524880	0.9308004	0.9241299	0.9378308	0.9292860	0.9210538	0.9363396	HI	0.5000126	0.1841956997	0.9074231	0.09257669	6.820892e-02	-1.325643e-01	0.9356443
 6	0.9	pos	5.92379185	5.86687723	5.99104359	0.9865019	0.9703453	1.0032416	6.84735097	6.77503616	6.94386812	1.0305403	1.0157338	1.0472915	1.7686536	1.7528897	1.7861946	0.9209654	0.9139199	0.9281218	HI	0.5000060	0.1851197839	0.9074232	0.09257669	6.855111e-02	 7.136149e-01	1.7821659
 7	0.0	neg	0.98822845	0.96548894	1.00605392	0.9957080	0.9749948	1.0139848	0.98908016	0.96787727	1.00677446	0.9953719	0.9762465	1.0101686	0.9945616	0.9829139	1.0052994	0.9956274	0.9818497	1.0056872	HI	0.5000041	0.0020729984	0.9074232	0.09257669	7.676453e-04	-1.491922e-03	0.9992757
 7	0.0	pos	1.03433014	1.02053430	1.04530260	1.0043441	0.9920700	1.0147107	1.03417464	1.02261621	1.04408074	1.0046443	0.9932892	1.0141823	1.0103051	1.0031378	1.0154008	0.9962087	0.9901989	1.0019982	HI	0.4999744	0.0020921380	0.9074238	0.09257669	7.747329e-04	 8.064945e-03	1.0088401
 7	0.9	neg	0.07894689	0.07331674	0.08482820	1.0189411	0.9930274	1.0459808	0.09631159	0.08811710	0.10340553	1.0638130	1.0386729	1.0938503	0.9455895	0.9324754	0.9606236	0.9417172	0.9300821	0.9535492	HI	0.5000246	0.1746597732	0.9074229	0.09257669	6.467770e-02	-1.257014e-01	0.9389759
 7	0.9	pos	5.96036103	5.87730822	6.04599402	1.0071679	0.9832498	1.0349415	6.82717011	6.72883243	6.90885518	1.0515306	1.0296907	1.0812700	1.7469348	1.7303996	1.7672406	0.9346752	0.9221950	0.9501901	HI	0.5000482	0.1754718113	0.9074224	0.09257669	6.497840e-02	 6.764231e-01	1.7414006
 8	0.0	neg	0.99969387	0.98069243	1.01934432	0.9984888	0.9817877	1.0194963	0.99667125	0.98102058	1.01119557	1.0001291	0.9830799	1.0201405	0.9990544	0.9876792	1.0089752	0.9984883	0.9889692	1.0078605	HI	0.4999749	0.0011036256	0.9074238	0.09257669	4.086800e-04	-7.942715e-04	0.9996149
 8	0.0	pos	1.01009275	0.99601466	1.02442089	1.0004166	0.9860762	1.0177832	1.00948299	0.99574639	1.02341921	1.0003771	0.9851271	1.0177007	1.0060193	0.9972302	1.0150117	0.9993376	0.9906365	1.0071127	HI	0.4999595	0.0011000310	0.9074240	0.09257669	4.073489e-04	 4.240489e-03	1.0046486
 8	0.9	neg	0.07911313	0.07475707	0.08477557	0.9899287	0.9740013	1.0015844	0.09570120	0.09104319	0.10020691	1.0329397	1.0196372	1.0490722	0.9375708	0.9294218	0.9452922	0.9354772	0.9279445	0.9439380	HI	0.5000045	0.1660464630	0.9074232	0.09257669	6.148813e-02	-1.195025e-01	0.9419856
 8	0.9	pos	5.98584069	5.94427414	6.02696452	1.0072627	0.9954652	1.0243907	6.82166618	6.76486401	6.86941148	1.0477359	1.0331416	1.0614753	1.7128208	1.6996684	1.7254680	0.9344225	0.9251644	0.9424286	HI	0.4999633	0.1671126784	0.9074240	0.09257669	6.188296e-02	 6.441996e-01	1.7060832
 9	0.0	neg	0.99828428	0.97794843	1.02237957	0.9989956	0.9796195	1.0220699	0.99784443	0.97587112	1.02003770	0.9974078	0.9778282	1.0186498	0.9994919	0.9881103	1.0122376	1.0003204	0.9888492	1.0129503	HI	0.5000473	0.0006147099	0.9074225	0.09257669	2.276313e-04	-4.424024e-04	0.9997844
 9	0.0	pos	1.01385480	0.99535521	1.03638682	1.0067606	0.9894624	1.0263837	1.01313888	0.99412492	1.03219336	1.0086992	0.9907284	1.0271135	1.0077538	0.9973412	1.0177773	1.0024931	0.9937268	1.0123872	HI	0.4999579	0.0006143652	0.9074241	0.09257669	2.275036e-04	 2.368305e-03	1.0025966
 9	0.9	neg	0.08524920	0.08131206	0.08910753	0.9762391	0.9645798	0.9872078	0.10224510	0.09729961	0.10758446	1.0171960	1.0042482	1.0284446	0.9322842	0.9252656	0.9410267	0.9303874	0.9217933	0.9390277	HI	0.4999999	0.1579469400	0.9074233	0.09257669	5.848882e-02	-1.136733e-01	0.9448155
 9	0.9	pos	5.95636887	5.83038915	6.06709679	1.0085893	0.9896966	1.0302816	6.73060037	6.59107851	6.87061446	1.0519430	1.0296711	1.0751345	1.6858514	1.6661027	1.7054153	0.9434652	0.9317467	0.9558958	HI	0.4999997	0.1587117989	0.9074233	0.09257669	5.877206e-02	 6.118152e-01	1.6705873
