t	P	cov	model	h2_standard.mean	h2_standard.CI95l	h2_standard.CI95r	h2_standard_ganc.mean	h2_standard_ganc.CI95l	h2_standard_ganc.CI95r	h2_varX.mean	h2_varX.CI95l	h2_varX.CI95r	h2_varX_ganc.mean	h2_varX_ganc.CI95l	h2_varX_ganc.CI95r	h2_ld.mean	h2_ld.CI95l	h2_ld.CI95r	h2_ld_ganc.mean	h2_ld_ganc.CI95l	h2_ld_ganc.CI95r
 0	0.0	neg	CGF	0.8006070	0.7986333	0.8024749	0.8005689	0.7988298	0.8025598	0.8027722	0.8008890	0.8043134	0.8027207	0.8008353	0.8045082	0.7975682	0.7962428	0.7990242	0.7976936	0.7963905	0.7989072
 0	0.0	neg	HI	0.8154183	0.8136124	0.8177102	0.8153300	0.8128149	0.8177642	0.8280602	0.8261034	0.8302968	0.8279452	0.8257200	0.8304557	0.7997299	0.7983471	0.8017304	0.7987844	0.7969177	0.8005314
 0	0.0	pos	CGF	0.7784861	0.7776527	0.7796793	0.7784899	0.7777208	0.7794450	0.7809041	0.7798412	0.7819197	0.7808290	0.7799969	0.7820219	0.8010476	0.7996563	0.8023223	0.7792824	0.7780678	0.7806589
 0	0.0	pos	HI	0.6634725	0.6618669	0.6656817	0.6631498	0.6607511	0.6654827	0.6818947	0.6794491	0.6841882	0.6816463	0.6791622	0.6843949	0.8014542	0.8003975	0.8026294	0.6390774	0.6373390	0.6411780
 0	0.9	neg	CGF	0.8028160	0.8005121	0.8048926	0.8026423	0.8005871	0.8047026	0.8049495	0.8027307	0.8071122	0.8049192	0.8027745	0.8068481	0.7993089	0.7980613	0.8003300	0.7992861	0.7980396	0.8005146
 0	0.9	neg	HI	0.8136408	0.8106488	0.8164163	0.8134498	0.8104964	0.8159875	0.8260554	0.8237259	0.8288043	0.8265467	0.8244379	0.8294316	0.7976092	0.7962026	0.7990021	0.7969791	0.7954965	0.7985489
 0	0.9	pos	CGF	0.7768017	0.7741710	0.7797494	0.7767731	0.7736655	0.7808591	0.7793068	0.7763184	0.7820966	0.7788027	0.7765458	0.7810591	0.7997209	0.7978115	0.8020953	0.7771854	0.7745136	0.7799594
 0	0.9	pos	HI	0.6595908	0.6567739	0.6623394	0.6595973	0.6558992	0.6634835	0.6783425	0.6746859	0.6813718	0.6782716	0.6747568	0.6819619	0.7998273	0.7981909	0.8012692	0.6360105	0.6323992	0.6397178
 1	0.0	neg	CGF	0.8026851	0.7997540	0.8056691	0.8028969	0.8000626	0.8052868	0.8057856	0.8031400	0.8084831	0.8058429	0.8033238	0.8081956	0.7990403	0.7966709	0.8011211	0.7992493	0.7967078	0.8010402
 1	0.0	neg	HI	0.8075424	0.8054793	0.8094149	0.8074083	0.8053380	0.8096526	0.8142419	0.8120821	0.8162880	0.8142352	0.8118683	0.8165210	0.7996861	0.7982992	0.8012166	0.7995210	0.7979686	0.8010121
 1	0.0	pos	CGF	0.7675634	0.7631154	0.7710625	0.7670796	0.7625997	0.7708153	0.7702387	0.7665155	0.7739418	0.7706636	0.7667944	0.7747012	0.7995705	0.7964119	0.8017799	0.7666458	0.7631096	0.7696138
 1	0.0	pos	HI	0.7249433	0.7223461	0.7276079	0.7249061	0.7222566	0.7273287	0.7341119	0.7310201	0.7372505	0.7335772	0.7312127	0.7360949	0.8005589	0.7997677	0.8013662	0.7156108	0.7122915	0.7184736
 1	0.9	neg	CGF	0.8044680	0.8037257	0.8055028	0.8046206	0.8035024	0.8057351	0.8082832	0.8073150	0.8092833	0.8083082	0.8074305	0.8094106	0.7998783	0.7983526	0.8014825	0.7997183	0.7981780	0.8013002
 1	0.9	neg	HI	0.8146624	0.8128990	0.8166154	0.8145230	0.8128922	0.8163577	0.8266633	0.8245849	0.8286158	0.8267800	0.8250556	0.8286062	0.8004751	0.7989289	0.8014266	0.7997979	0.7985105	0.8010379
 1	0.9	pos	CGF	0.7574826	0.7554844	0.7603901	0.7574227	0.7552261	0.7598656	0.7619926	0.7601696	0.7642187	0.7620376	0.7598533	0.7647723	0.7992045	0.7973136	0.8011779	0.7553353	0.7530268	0.7577097
 1	0.9	pos	HI	0.6674549	0.6655295	0.6698540	0.6671398	0.6648216	0.6697115	0.6849808	0.6829732	0.6872363	0.6849978	0.6832108	0.6871210	0.8007785	0.7997635	0.8020598	0.6450703	0.6426878	0.6472469
 2	0.0	neg	CGF	0.8021486	0.8004979	0.8037339	0.8020985	0.8003527	0.8039926	0.8053937	0.8036873	0.8069751	0.8052633	0.8035455	0.8068502	0.7984051	0.7974940	0.7994165	0.7983046	0.7971920	0.7995442
 2	0.0	neg	HI	0.8033065	0.8014884	0.8051353	0.8033721	0.8015499	0.8053318	0.8068083	0.8049455	0.8088808	0.8068870	0.8048659	0.8088157	0.8000037	0.7988802	0.8010654	0.7999032	0.7984857	0.8011840
 2	0.0	pos	CGF	0.7667777	0.7638402	0.7698261	0.7666803	0.7637274	0.7703196	0.7707836	0.7676979	0.7741276	0.7703631	0.7670053	0.7744578	0.8010690	0.7988942	0.8041218	0.7664407	0.7635293	0.7698174
 2	0.0	pos	HI	0.7597784	0.7565180	0.7632081	0.7599652	0.7571148	0.7626701	0.7640072	0.7616610	0.7666439	0.7642274	0.7604976	0.7672981	0.8007013	0.7991269	0.8020193	0.7593973	0.7569242	0.7616636
 2	0.9	neg	CGF	0.8048942	0.8033360	0.8062732	0.8047130	0.8031814	0.8063641	0.8098949	0.8084589	0.8115130	0.8098603	0.8083585	0.8114024	0.7986997	0.7975943	0.7998323	0.7985424	0.7976592	0.7996256
 2	0.9	neg	HI	0.8122190	0.8088189	0.8151246	0.8120382	0.8086199	0.8146120	0.8237418	0.8214211	0.8263438	0.8237651	0.8208663	0.8267589	0.7979951	0.7962236	0.8003859	0.7972541	0.7951259	0.7995187
 2	0.9	pos	CGF	0.7434919	0.7413148	0.7457127	0.7433922	0.7410260	0.7461229	0.7498270	0.7473836	0.7516624	0.7495497	0.7474611	0.7519609	0.8006005	0.7989607	0.8022686	0.7382481	0.7367576	0.7404776
 2	0.9	pos	HI	0.6729412	0.6712029	0.6748756	0.6726072	0.6706015	0.6743306	0.6899301	0.6882725	0.6917380	0.6894833	0.6878108	0.6912240	0.8004866	0.7990559	0.8020474	0.6508546	0.6486371	0.6528051
 3	0.0	neg	CGF	0.8033972	0.8021612	0.8049698	0.8034953	0.8022074	0.8052231	0.8068266	0.8052273	0.8083769	0.8069328	0.8052385	0.8086014	0.8009012	0.7995136	0.8022799	0.8008886	0.7998942	0.8020570
 3	0.0	neg	HI	0.8012505	0.7998881	0.8028121	0.8012685	0.7998215	0.8030905	0.8032056	0.8016822	0.8051289	0.8031768	0.8017480	0.8046550	0.7995703	0.7982184	0.8017401	0.7996154	0.7980896	0.8016070
 3	0.0	pos	CGF	0.7649217	0.7633190	0.7665863	0.7647835	0.7634298	0.7664046	0.7682969	0.7666714	0.7703528	0.7682683	0.7669596	0.7698452	0.7995873	0.7985275	0.8007715	0.7651428	0.7637191	0.7665885
 3	0.0	pos	HI	0.7813711	0.7794950	0.7831095	0.7810897	0.7792871	0.7833755	0.7831859	0.7812931	0.7854016	0.7831580	0.7812670	0.7850494	0.8016460	0.8001340	0.8033931	0.7853021	0.7829383	0.7875123
 3	0.9	neg	CGF	0.8060318	0.8037216	0.8083178	0.8059609	0.8037704	0.8087067	0.8121485	0.8100696	0.8140463	0.8119771	0.8093689	0.8139102	0.7993834	0.7970720	0.8010233	0.7990735	0.7975980	0.8005904
 3	0.9	neg	HI	0.8127460	0.8109387	0.8144888	0.8127251	0.8110733	0.8143092	0.8238261	0.8223088	0.8256742	0.8239154	0.8220612	0.8253853	0.8006430	0.7991317	0.8021227	0.7998964	0.7983515	0.8016246
 3	0.9	pos	CGF	0.7307906	0.7268492	0.7341241	0.7305983	0.7273780	0.7343213	0.7386175	0.7350391	0.7426286	0.7386632	0.7342425	0.7425867	0.7991724	0.7964699	0.8012852	0.7228577	0.7194866	0.7266942
 3	0.9	pos	HI	0.6742941	0.6719817	0.6763881	0.6741450	0.6721772	0.6757089	0.6902862	0.6882404	0.6921867	0.6900984	0.6883391	0.6920108	0.7988012	0.7981024	0.7994676	0.6538539	0.6518828	0.6565565
 4	0.0	neg	CGF	0.8054605	0.8038049	0.8073836	0.8056332	0.8038948	0.8075335	0.8084055	0.8067510	0.8101611	0.8083394	0.8064807	0.8103454	0.8023019	0.8007886	0.8035427	0.8023662	0.8007310	0.8037647
 4	0.0	neg	HI	0.8000785	0.7986350	0.8015831	0.8000768	0.7983298	0.8019032	0.8009699	0.7995130	0.8023092	0.8010441	0.7994232	0.8024760	0.7999706	0.7986646	0.8010575	0.8000288	0.7988006	0.8012304
 4	0.0	pos	CGF	0.7671049	0.7651526	0.7691983	0.7671399	0.7648282	0.7692420	0.7703439	0.7680317	0.7725405	0.7706558	0.7687772	0.7722207	0.8001171	0.7988913	0.8016379	0.7691341	0.7673579	0.7713163
 4	0.0	pos	HI	0.7893616	0.7871063	0.7918981	0.7896445	0.7874811	0.7920093	0.7907162	0.7879122	0.7935056	0.7905286	0.7881242	0.7931355	0.8006286	0.7994259	0.8017920	0.7950040	0.7938115	0.7963889
 4	0.9	neg	CGF	0.8066408	0.8047491	0.8089206	0.8067547	0.8051382	0.8084974	0.8135666	0.8122054	0.8156695	0.8135482	0.8119866	0.8156073	0.7981778	0.7967399	0.7997415	0.7979814	0.7967340	0.7993668
 4	0.9	neg	HI	0.8114282	0.8100888	0.8128289	0.8115297	0.8101738	0.8127535	0.8222047	0.8210915	0.8234716	0.8220666	0.8211115	0.8232630	0.8002785	0.7994582	0.8012915	0.7997975	0.7990202	0.8006069
 4	0.9	pos	CGF	0.7227137	0.7206176	0.7250654	0.7230050	0.7203561	0.7256940	0.7317511	0.7293751	0.7343274	0.7319257	0.7295314	0.7348358	0.7994781	0.7979340	0.8008754	0.7124810	0.7103665	0.7144474
 4	0.9	pos	HI	0.6833884	0.6816211	0.6852037	0.6830835	0.6811944	0.6849047	0.6984511	0.6965881	0.7003368	0.6982056	0.6963485	0.7002570	0.8005202	0.7991834	0.8018225	0.6638689	0.6618622	0.6659458
 5	0.0	neg	CGF	0.8021567	0.8006569	0.8037449	0.8020502	0.8005602	0.8034080	0.8048646	0.8032976	0.8064841	0.8048933	0.8030231	0.8064926	0.7999760	0.7983300	0.8017268	0.8001364	0.7984764	0.8021210
 5	0.0	neg	HI	0.7994610	0.7979435	0.8009958	0.7995397	0.7981221	0.8011617	0.7997452	0.7982845	0.8011032	0.7998308	0.7986425	0.8014416	0.7988365	0.7967249	0.8002576	0.7989090	0.7970641	0.8009058
 5	0.0	pos	CGF	0.7677195	0.7660198	0.7691123	0.7677834	0.7662000	0.7690992	0.7711609	0.7694695	0.7728109	0.7708184	0.7696104	0.7719363	0.7987957	0.7973202	0.8001347	0.7682643	0.7665223	0.7700975
 5	0.0	pos	HI	0.7936050	0.7925359	0.7949491	0.7935396	0.7923799	0.7948660	0.7940310	0.7925964	0.7951546	0.7940149	0.7928529	0.7956960	0.7993601	0.7983392	0.8002595	0.7974378	0.7966057	0.7984437
 5	0.9	neg	CGF	0.8091095	0.8068602	0.8114583	0.8091357	0.8069415	0.8108314	0.8165058	0.8139502	0.8182383	0.8163795	0.8140425	0.8182865	0.7999282	0.7983420	0.8019032	0.7998074	0.7984338	0.8013557
 5	0.9	neg	HI	0.8118183	0.8095285	0.8140034	0.8121476	0.8101202	0.8140083	0.8220923	0.8203725	0.8242425	0.8219528	0.8202502	0.8239302	0.8013939	0.7997864	0.8028632	0.8006472	0.7988769	0.8023603
 5	0.9	pos	CGF	0.7145591	0.7121058	0.7170897	0.7145055	0.7118405	0.7176268	0.7247878	0.7223040	0.7272148	0.7246025	0.7218358	0.7272276	0.7995210	0.7985087	0.8005118	0.7024805	0.7000082	0.7051777
 5	0.9	pos	HI	0.6852654	0.6820974	0.6880183	0.6853555	0.6824154	0.6885748	0.7000910	0.6977007	0.7025649	0.6996002	0.6962882	0.7027805	0.7999719	0.7989373	0.8012848	0.6688909	0.6661137	0.6715183
 6	0.0	neg	CGF	0.8016889	0.8002671	0.8034056	0.8017154	0.8005714	0.8031270	0.8043657	0.8029130	0.8058531	0.8042272	0.8030441	0.8055207	0.7993429	0.7985243	0.8001930	0.7993949	0.7985596	0.8002688
 6	0.0	neg	HI	0.7980874	0.7956937	0.8004109	0.7979608	0.7956148	0.7999963	0.7982734	0.7955469	0.8006687	0.7982971	0.7960423	0.8002921	0.7992846	0.7977502	0.8007814	0.7992051	0.7977928	0.8007440
 6	0.0	pos	CGF	0.7707291	0.7681099	0.7729126	0.7704704	0.7681193	0.7731886	0.7735710	0.7719914	0.7754630	0.7736170	0.7710695	0.7758772	0.7998275	0.7980563	0.8016364	0.7726914	0.7707370	0.7747252
 6	0.0	pos	HI	0.7970071	0.7954360	0.7986694	0.7970428	0.7947554	0.7988355	0.7973542	0.7953145	0.7992725	0.7973799	0.7956283	0.7990883	0.7999712	0.7990715	0.8009058	0.7995645	0.7986062	0.8003543
 6	0.9	neg	CGF	0.8090172	0.8078014	0.8102114	0.8089616	0.8073042	0.8106252	0.8168059	0.8150258	0.8179711	0.8169546	0.8153474	0.8183307	0.8007765	0.7995288	0.8019381	0.8002546	0.7991745	0.8016807
 6	0.9	neg	HI	0.8103236	0.8079297	0.8127901	0.8102239	0.8079842	0.8125410	0.8203358	0.8182112	0.8230663	0.8199816	0.8180861	0.8223106	0.7989468	0.7968625	0.8018330	0.7984047	0.7965661	0.8000059
 6	0.9	pos	CGF	0.7095429	0.7056128	0.7143813	0.7095540	0.7048385	0.7131958	0.7199548	0.7163630	0.7240875	0.7205574	0.7157997	0.7247391	0.8000290	0.7983396	0.8017361	0.6979732	0.6938157	0.7025093
 6	0.9	pos	HI	0.6944674	0.6923126	0.6974246	0.6944360	0.6922153	0.6964858	0.7076149	0.7051848	0.7098516	0.7078800	0.7054711	0.7101147	0.8006561	0.7985163	0.8021262	0.6766384	0.6739074	0.6790369
 7	0.0	neg	CGF	0.8032567	0.8015480	0.8053156	0.8031407	0.8014119	0.8045465	0.8056495	0.8039318	0.8072186	0.8058377	0.8041127	0.8073905	0.8003046	0.7990019	0.8017493	0.8001648	0.7989100	0.8015531
 7	0.0	neg	HI	0.8003211	0.7988736	0.8015698	0.8004984	0.7990182	0.8018331	0.8004376	0.7992669	0.8018708	0.8005922	0.7992375	0.8021881	0.7998830	0.7985799	0.8010866	0.7999212	0.7987757	0.8014037
 7	0.0	pos	CGF	0.7717247	0.7696870	0.7734661	0.7715077	0.7694508	0.7741560	0.7745310	0.7726394	0.7766810	0.7743803	0.7722622	0.7764737	0.8001655	0.7987418	0.8019854	0.7742351	0.7726225	0.7762764
 7	0.0	pos	HI	0.7974270	0.7947435	0.7994742	0.7974550	0.7952772	0.7996832	0.7974694	0.7944568	0.8001422	0.7972744	0.7941031	0.7996687	0.7990775	0.7972943	0.8006624	0.7990202	0.7962703	0.8011685
 7	0.9	neg	CGF	0.8064584	0.8040342	0.8096131	0.8066248	0.8036504	0.8095882	0.8151740	0.8123990	0.8182940	0.8151285	0.8123900	0.8178819	0.7988477	0.7972021	0.8010156	0.7984371	0.7962095	0.8002697
 7	0.9	neg	HI	0.8084311	0.8065361	0.8104792	0.8085193	0.8060137	0.8105733	0.8178832	0.8160419	0.8197251	0.8177459	0.8155150	0.8200774	0.8000272	0.7987687	0.8014726	0.7993657	0.7977548	0.8008268
 7	0.9	pos	CGF	0.7042225	0.7026257	0.7058849	0.7040416	0.7023332	0.7054750	0.7157576	0.7140910	0.7172517	0.7157841	0.7138975	0.7172792	0.7998396	0.7987132	0.8009466	0.6926755	0.6903284	0.6945202
 7	0.9	pos	HI	0.6953689	0.6911933	0.6998000	0.6954445	0.6915747	0.6995649	0.7085904	0.7042342	0.7121040	0.7083396	0.7052474	0.7127504	0.7997669	0.7978616	0.8018411	0.6817189	0.6774316	0.6869385
 8	0.0	neg	CGF	0.8019594	0.7998180	0.8042477	0.8022955	0.8000438	0.8045668	0.8046072	0.8024210	0.8063811	0.8047159	0.8026209	0.8064418	0.8005887	0.7991010	0.8022061	0.8007459	0.7994150	0.8022951
 8	0.0	neg	HI	0.7999575	0.7971530	0.8019237	0.7997822	0.7976301	0.8021300	0.8000023	0.7975652	0.8021375	0.7999957	0.7977249	0.8021472	0.8002576	0.7989164	0.8017133	0.8002055	0.7990000	0.8015150
 8	0.0	pos	CGF	0.7733337	0.7712185	0.7749267	0.7732176	0.7718379	0.7746571	0.7758530	0.7741520	0.7776886	0.7756816	0.7742422	0.7776398	0.7997885	0.7985853	0.8011665	0.7770661	0.7757501	0.7786465
 8	0.0	pos	HI	0.8001049	0.7982575	0.8023996	0.8001306	0.7978857	0.8027329	0.7999787	0.7978165	0.8020119	0.8000417	0.7979436	0.8026695	0.8005752	0.7989009	0.8021085	0.8005161	0.7987165	0.8022981
 8	0.9	neg	CGF	0.8090815	0.8060473	0.8120302	0.8094027	0.8063866	0.8123162	0.8178275	0.8150767	0.8206736	0.8180009	0.8154105	0.8206502	0.7990809	0.7970911	0.8010585	0.7986969	0.7971952	0.8005145
 8	0.9	neg	HI	0.8103196	0.8091818	0.8115803	0.8103193	0.8087988	0.8115750	0.8192109	0.8180062	0.8203217	0.8191810	0.8181011	0.8202188	0.8002363	0.7983164	0.8019459	0.7999224	0.7985910	0.8010934
 8	0.9	pos	CGF	0.7017245	0.6996909	0.7037564	0.7014714	0.6996344	0.7038923	0.7137356	0.7117394	0.7155668	0.7135429	0.7115535	0.7154556	0.7991878	0.7979578	0.8005357	0.6875141	0.6856296	0.6899942
 8	0.9	pos	HI	0.7002960	0.6981972	0.7023479	0.7001121	0.6977099	0.7020137	0.7123843	0.7101232	0.7147632	0.7120532	0.7099046	0.7141448	0.8005054	0.7991747	0.8022443	0.6869321	0.6838827	0.6892643
 9	0.0	neg	CGF	0.8006448	0.7987029	0.8028216	0.8006005	0.7988169	0.8027413	0.8029685	0.8010939	0.8052526	0.8029002	0.8011037	0.8048740	0.7995547	0.7983905	0.8007187	0.7998553	0.7986084	0.8011752
 9	0.0	neg	HI	0.8001216	0.7977307	0.8023740	0.8002422	0.7972495	0.8024875	0.8000963	0.7964981	0.8024053	0.8002433	0.7978930	0.8027660	0.7997283	0.7980571	0.8015103	0.7996119	0.7977627	0.8015718
 9	0.0	pos	CGF	0.7784716	0.7765086	0.7804327	0.7784231	0.7758707	0.7806367	0.7809798	0.7790751	0.7827141	0.7808201	0.7785550	0.7827981	0.8011368	0.7995869	0.8028711	0.7809442	0.7786931	0.7827292
 9	0.0	pos	HI	0.7988395	0.7960522	0.8018750	0.7989862	0.7966515	0.8017307	0.7991282	0.7966943	0.8014860	0.7987608	0.7963511	0.8014408	0.8001385	0.7975943	0.8024446	0.7999598	0.7972501	0.8021593
 9	0.9	neg	CGF	0.8111983	0.8088379	0.8132383	0.8109033	0.8085596	0.8128968	0.8201555	0.8177143	0.8221924	0.8202884	0.8184042	0.8221991	0.8015363	0.8002489	0.8027178	0.8010272	0.7997765	0.8024514
 9	0.9	neg	HI	0.8099545	0.8079030	0.8124038	0.8101213	0.8079814	0.8123392	0.8185810	0.8167179	0.8202271	0.8186177	0.8165847	0.8204769	0.7997342	0.7970565	0.8019436	0.7990432	0.7965832	0.8015047
 9	0.9	pos	CGF	0.6988922	0.6966709	0.7014910	0.6989880	0.6967056	0.7031524	0.7113299	0.7089254	0.7140661	0.7112977	0.7089308	0.7138759	0.8000927	0.7988076	0.8013892	0.6852246	0.6830548	0.6872641
 9	0.9	pos	HI	0.7064279	0.7038250	0.7091237	0.7059132	0.7033000	0.7079453	0.7176271	0.7150291	0.7197741	0.7176678	0.7147489	0.7202933	0.8008870	0.7996433	0.8021194	0.6931415	0.6906953	0.6953778
10	0.0	neg	CGF	0.8042938	0.8017119	0.8065409	0.8041417	0.8022663	0.8064436	0.8061681	0.8033719	0.8082611	0.8059980	0.8036522	0.8081650	0.8018581	0.8002082	0.8038017	0.8018494	0.8003667	0.8035742
10	0.0	neg	HI	0.8022976	0.7992858	0.8046448	0.8021015	0.7998347	0.8046627	0.8025014	0.8001987	0.8047552	0.8024007	0.8004457	0.8043562	0.8017003	0.7993995	0.8035514	0.8017576	0.7995540	0.8039955
10	0.0	pos	CGF	0.7765499	0.7748442	0.7780335	0.7763517	0.7748954	0.7776650	0.7786461	0.7771662	0.7799490	0.7784478	0.7767433	0.7799287	0.7990415	0.7977803	0.8005129	0.7801175	0.7780751	0.7820604
10	0.0	pos	HI	0.7998222	0.7978524	0.8017199	0.7997232	0.7982631	0.8012470	0.7998223	0.7984561	0.8014575	0.7996603	0.7980918	0.8018163	0.7998978	0.7971437	0.8019562	0.7999286	0.7976548	0.8020895
10	0.9	neg	CGF	0.8097779	0.8072420	0.8120511	0.8095563	0.8070447	0.8116824	0.8188076	0.8161451	0.8211409	0.8183562	0.8160615	0.8210110	0.7995146	0.7983144	0.8007666	0.7991417	0.7978553	0.8001423
10	0.9	neg	HI	0.8069103	0.8056297	0.8082357	0.8069594	0.8057822	0.8082402	0.8151013	0.8136966	0.8160563	0.8152335	0.8140202	0.8165827	0.7993013	0.7984801	0.8003467	0.7989711	0.7978616	0.7999288
10	0.9	pos	CGF	0.6960577	0.6948561	0.6975284	0.6958243	0.6943766	0.6970961	0.7086261	0.7075563	0.7099503	0.7085334	0.7074724	0.7096307	0.7988653	0.7970248	0.8002444	0.6828551	0.6806785	0.6844421
10	0.9	pos	HI	0.7096853	0.7064793	0.7129244	0.7095015	0.7066796	0.7123522	0.7204894	0.7178910	0.7240560	0.7200449	0.7169897	0.7234510	0.7993149	0.7978359	0.8008762	0.6963088	0.6938921	0.6987974
11	0.0	neg	CGF	0.8017718	0.7997477	0.8036338	0.8015388	0.7995260	0.8034980	0.8037328	0.8016302	0.8057583	0.8036727	0.8017298	0.8056433	0.7994317	0.7982292	0.8008473	0.7993948	0.7983053	0.8005290
11	0.0	neg	HI	0.8047058	0.8036635	0.8058744	0.8045991	0.8035966	0.8058672	0.8046663	0.8035485	0.8059551	0.8045788	0.8033639	0.8056216	0.8021972	0.8010259	0.8033041	0.8021520	0.8008810	0.8036177
11	0.0	pos	CGF	0.7803539	0.7787134	0.7819775	0.7799588	0.7779511	0.7819288	0.7823143	0.7804305	0.7838860	0.7821562	0.7804707	0.7838230	0.8004207	0.7991459	0.8016736	0.7840511	0.7822563	0.7853268
11	0.0	pos	HI	0.7987762	0.7973038	0.8001907	0.7988045	0.7971680	0.8004744	0.7988059	0.7973551	0.8002498	0.7989319	0.7972448	0.8005026	0.7991476	0.7978688	0.8008571	0.7991972	0.7977594	0.8008612
11	0.9	neg	CGF	0.8103580	0.8089914	0.8116811	0.8103486	0.8092206	0.8116864	0.8192865	0.8181338	0.8202435	0.8194652	0.8183862	0.8207652	0.8000265	0.7990555	0.8011266	0.7994262	0.7984981	0.8004934
11	0.9	neg	HI	0.8103024	0.8083600	0.8123687	0.8104774	0.8088807	0.8120891	0.8178879	0.8158882	0.8199237	0.8181373	0.8161357	0.8202296	0.8017278	0.8004853	0.8030651	0.8014849	0.8003991	0.8029358
11	0.9	pos	CGF	0.7016447	0.6990377	0.7038889	0.7020581	0.6998296	0.7048899	0.7142062	0.7108765	0.7172231	0.7141967	0.7116796	0.7167020	0.8010457	0.7998768	0.8022931	0.6859790	0.6827868	0.6889925
11	0.9	pos	HI	0.7158095	0.7117147	0.7194932	0.7163089	0.7129024	0.7196572	0.7260805	0.7217209	0.7290394	0.7263798	0.7231587	0.7293072	0.8002741	0.7982873	0.8024482	0.7046327	0.7013668	0.7070930
12	0.0	neg	CGF	0.8019567	0.7997142	0.8039231	0.8018939	0.8000842	0.8037942	0.8035209	0.8011986	0.8054784	0.8035899	0.8016754	0.8055087	0.8015595	0.8001704	0.8028546	0.8014461	0.8000448	0.8027788
12	0.0	neg	HI	0.7996342	0.7973464	0.8020238	0.7999645	0.7976499	0.8023135	0.7997334	0.7973903	0.8019919	0.7996002	0.7972197	0.8019020	0.7991760	0.7975734	0.8008519	0.7991220	0.7973489	0.8007018
12	0.0	pos	CGF	0.7778318	0.7751999	0.7805890	0.7776156	0.7754191	0.7799655	0.7797214	0.7771289	0.7827052	0.7796576	0.7775495	0.7816316	0.7972219	0.7953215	0.7994496	0.7818878	0.7800780	0.7835674
12	0.0	pos	HI	0.7999780	0.7981895	0.8014599	0.7999399	0.7981365	0.8017088	0.7998907	0.7980351	0.8014540	0.8002370	0.7985943	0.8016013	0.8005054	0.7993108	0.8020189	0.8004953	0.7988951	0.8022242
12	0.9	neg	CGF	0.8121162	0.8104067	0.8143601	0.8122548	0.8108092	0.8141867	0.8213797	0.8195772	0.8230008	0.8215208	0.8197909	0.8229627	0.8011281	0.7998895	0.8024117	0.8007310	0.7993785	0.8020233
12	0.9	neg	HI	0.8088322	0.8075832	0.8100653	0.8088559	0.8077275	0.8101729	0.8163945	0.8153258	0.8179302	0.8163446	0.8152150	0.8177580	0.8011776	0.7998649	0.8022635	0.8006348	0.7994424	0.8018893
12	0.9	pos	CGF	0.6960288	0.6934857	0.6990760	0.6959250	0.6927604	0.6989452	0.7086331	0.7059942	0.7113545	0.7084935	0.7059346	0.7108872	0.7989017	0.7972111	0.8007216	0.6822995	0.6803429	0.6852576
12	0.9	pos	HI	0.7201238	0.7184539	0.7216385	0.7199384	0.7182669	0.7215409	0.7297988	0.7281656	0.7315072	0.7297003	0.7281947	0.7311712	0.8018248	0.8007461	0.8032323	0.7087783	0.7074437	0.7102303
13	0.0	neg	CGF	0.8023000	0.8000656	0.8050367	0.8020970	0.7987136	0.8049554	0.8037575	0.8008169	0.8066858	0.8040362	0.8014358	0.8066981	0.8013426	0.7993193	0.8033998	0.8012694	0.7991343	0.8035051
13	0.0	neg	HI	0.8024617	0.8013598	0.8039381	0.8025676	0.8013430	0.8040909	0.8026345	0.8012013	0.8043241	0.8025948	0.8013711	0.8040153	0.8016333	0.8000057	0.8031017	0.8016368	0.8000157	0.8037357
13	0.0	pos	CGF	0.7833129	0.7812938	0.7851695	0.7830223	0.7813651	0.7847951	0.7848697	0.7832057	0.7870714	0.7846409	0.7830520	0.7865533	0.8010147	0.7993651	0.8029604	0.7873487	0.7858586	0.7887994
13	0.0	pos	HI	0.7995915	0.7972164	0.8022351	0.7994378	0.7968117	0.8021139	0.7995027	0.7966389	0.8023184	0.7990911	0.7960951	0.8019081	0.8002639	0.7983033	0.8023332	0.8002257	0.7980546	0.8018414
13	0.9	neg	CGF	0.8081332	0.8062298	0.8097657	0.8081512	0.8065388	0.8098868	0.8173866	0.8159903	0.8189188	0.8172676	0.8159559	0.8190492	0.7991838	0.7981166	0.8002571	0.7986437	0.7973877	0.7997908
13	0.9	neg	HI	0.8060726	0.8039238	0.8089168	0.8061041	0.8041339	0.8083199	0.8132159	0.8107217	0.8159024	0.8129845	0.8105855	0.8152573	0.8000000	0.7978628	0.8026001	0.7996087	0.7979842	0.8018502
13	0.9	pos	CGF	0.7026726	0.6983926	0.7055572	0.7023772	0.6978132	0.7065124	0.7151622	0.7114086	0.7201263	0.7147183	0.7110351	0.7178677	0.8015949	0.7998944	0.8032910	0.6888929	0.6851986	0.6920977
13	0.9	pos	HI	0.7196642	0.7174309	0.7231560	0.7192164	0.7168593	0.7216867	0.7284780	0.7256613	0.7317090	0.7285331	0.7257108	0.7315470	0.7992686	0.7979577	0.8002405	0.7091475	0.7064057	0.7115884
14	0.0	neg	CGF	0.8001225	0.7972147	0.8024883	0.8002433	0.7974963	0.8029745	0.8015120	0.7986381	0.8044007	0.8017645	0.7987230	0.8046707	0.7994392	0.7975985	0.8016327	0.7995189	0.7973484	0.8011525
14	0.0	neg	HI	0.7998441	0.7978900	0.8018245	0.7997915	0.7980905	0.8016414	0.7997829	0.7975930	0.8017429	0.7998906	0.7978469	0.8014898	0.8001764	0.7983424	0.8014699	0.7999497	0.7983432	0.8013165
14	0.0	pos	CGF	0.7824200	0.7805028	0.7842675	0.7822947	0.7802555	0.7841137	0.7839078	0.7819985	0.7862787	0.7837316	0.7817183	0.7855813	0.7986391	0.7969815	0.8004657	0.7858412	0.7837988	0.7879396
14	0.0	pos	HI	0.8018807	0.7996408	0.8041792	0.8016029	0.7992247	0.8040793	0.8021792	0.8000650	0.8044481	0.8020125	0.8000722	0.8043064	0.8011015	0.7992305	0.8038041	0.8008818	0.7991054	0.8026165
14	0.9	neg	CGF	0.8091399	0.8076530	0.8108418	0.8091690	0.8074102	0.8107913	0.8183245	0.8166064	0.8198727	0.8181080	0.8159872	0.8198102	0.8001688	0.7989622	0.8012960	0.7995012	0.7982362	0.8006412
14	0.9	neg	HI	0.8071073	0.8051234	0.8090029	0.8072614	0.8052510	0.8098886	0.8140326	0.8119720	0.8163567	0.8139307	0.8119030	0.8160798	0.8014643	0.8004073	0.8023853	0.8012566	0.8003189	0.8021634
14	0.9	pos	CGF	0.7001460	0.6972380	0.7033140	0.6998863	0.6975213	0.7024961	0.7124353	0.7099149	0.7151392	0.7122005	0.7099641	0.7145994	0.7996314	0.7981588	0.8012259	0.6867214	0.6835810	0.6898881
14	0.9	pos	HI	0.7221181	0.7196384	0.7240818	0.7218976	0.7191425	0.7242793	0.7308131	0.7285711	0.7329303	0.7306619	0.7284108	0.7325173	0.7982513	0.7966890	0.8001271	0.7134565	0.7109829	0.7162219
15	0.0	neg	CGF	0.8019685	0.8007645	0.8034787	0.8020239	0.8008486	0.8031997	0.8034049	0.8020995	0.8047212	0.8034532	0.8021886	0.8049751	0.8013494	0.7994481	0.8029486	0.8012464	0.7995300	0.8024944
15	0.0	neg	HI	0.7986436	0.7967366	0.8004080	0.7987712	0.7971060	0.8003331	0.7987661	0.7968474	0.8002561	0.7988237	0.7966521	0.8005033	0.7981766	0.7962578	0.7999718	0.7984193	0.7966290	0.8000012
15	0.0	pos	CGF	0.7852342	0.7836656	0.7868590	0.7851955	0.7838196	0.7863535	0.7866039	0.7851855	0.7879876	0.7865955	0.7846232	0.7879782	0.7998341	0.7981469	0.8014884	0.7891442	0.7875560	0.7909402
15	0.0	pos	HI	0.7982386	0.7970480	0.7995755	0.7982199	0.7972258	0.7993215	0.7982504	0.7971927	0.7993694	0.7983067	0.7972624	0.7995218	0.8002126	0.7988152	0.8019730	0.8001213	0.7988882	0.8013668
15	0.9	neg	CGF	0.8110157	0.8097617	0.8123239	0.8110465	0.8097951	0.8125788	0.8199532	0.8185999	0.8213905	0.8198850	0.8185906	0.8212439	0.8009990	0.7997128	0.8021878	0.8008519	0.7995816	0.8019753
15	0.9	neg	HI	0.8063886	0.8040260	0.8087489	0.8064861	0.8044290	0.8086055	0.8129737	0.8110588	0.8148760	0.8128948	0.8107493	0.8150700	0.8000414	0.7986929	0.8017533	0.7996361	0.7981506	0.8010157
15	0.9	pos	CGF	0.7003770	0.6972518	0.7035358	0.7005790	0.6981687	0.7037109	0.7127437	0.7096780	0.7162100	0.7123875	0.7093612	0.7161553	0.8001703	0.7987254	0.8018241	0.6876267	0.6839975	0.6919329
15	0.9	pos	HI	0.7289638	0.7266320	0.7315613	0.7289862	0.7263253	0.7320897	0.7374365	0.7345179	0.7402804	0.7371508	0.7334327	0.7398054	0.8004306	0.7991909	0.8020152	0.7218383	0.7195687	0.7244422
16	0.0	neg	CGF	0.8028166	0.8005122	0.8047085	0.8025697	0.8007838	0.8048539	0.8040002	0.8015282	0.8055551	0.8040895	0.8026333	0.8058680	0.8003911	0.7991604	0.8016153	0.8003359	0.7989052	0.8018630
16	0.0	neg	HI	0.7994565	0.7980969	0.8006662	0.7994070	0.7981489	0.8005788	0.7993615	0.7981685	0.8005276	0.7994230	0.7982232	0.8007302	0.7995176	0.7983846	0.8007879	0.7995725	0.7980883	0.8011412
16	0.0	pos	CGF	0.7877953	0.7846764	0.7907530	0.7875416	0.7844732	0.7905018	0.7892010	0.7862718	0.7920297	0.7889111	0.7858981	0.7914685	0.8012356	0.7995856	0.8031409	0.7910825	0.7888852	0.7931508
16	0.0	pos	HI	0.7990077	0.7975586	0.8004791	0.7990267	0.7973791	0.8008646	0.7990711	0.7971807	0.8006980	0.7989972	0.7972785	0.8008925	0.7994580	0.7981392	0.8005875	0.7995834	0.7984034	0.8008634
16	0.9	neg	CGF	0.8106358	0.8091384	0.8123440	0.8106016	0.8083023	0.8127164	0.8195275	0.8174761	0.8216374	0.8194295	0.8177252	0.8210305	0.8006602	0.7986452	0.8028153	0.8002388	0.7975777	0.8024098
16	0.9	neg	HI	0.8047034	0.8037015	0.8058797	0.8046613	0.8036168	0.8056904	0.8109848	0.8097901	0.8122650	0.8108142	0.8097063	0.8119117	0.7986704	0.7970598	0.8010068	0.7983168	0.7967666	0.8002719
16	0.9	pos	CGF	0.7025899	0.7007367	0.7041620	0.7027563	0.7004815	0.7047499	0.7145747	0.7128372	0.7164230	0.7142689	0.7123867	0.7160291	0.7997100	0.7983771	0.8013379	0.6888586	0.6865300	0.6910549
16	0.9	pos	HI	0.7314785	0.7290657	0.7335816	0.7313182	0.7286673	0.7340512	0.7394352	0.7370991	0.7415536	0.7392155	0.7365409	0.7415017	0.8010069	0.7992704	0.8030864	0.7239666	0.7214507	0.7265880
17	0.0	neg	CGF	0.7999124	0.7982118	0.8019560	0.7998737	0.7980334	0.8017945	0.8011478	0.7995962	0.8032420	0.8009279	0.7991706	0.8029370	0.7988729	0.7967170	0.8018263	0.7987465	0.7966886	0.8010549
17	0.0	neg	HI	0.7999104	0.7977277	0.8017828	0.8001107	0.7979588	0.8022426	0.8000419	0.7980234	0.8022848	0.7999606	0.7979922	0.8022562	0.7999036	0.7982877	0.8016788	0.7997937	0.7979088	0.8016169
17	0.0	pos	CGF	0.7858020	0.7831731	0.7884109	0.7858822	0.7831721	0.7887058	0.7871536	0.7848213	0.7896978	0.7870424	0.7843477	0.7898461	0.8005018	0.7990441	0.8018329	0.7911907	0.7896644	0.7928612
17	0.0	pos	HI	0.7988866	0.7973727	0.7999488	0.7987654	0.7977819	0.7996497	0.7988685	0.7976298	0.8001032	0.7988991	0.7978307	0.7999452	0.7997249	0.7980224	0.8010259	0.7997661	0.7981072	0.8014096
17	0.9	neg	CGF	0.8104820	0.8087578	0.8126884	0.8101742	0.8085223	0.8120202	0.8187958	0.8171099	0.8206145	0.8189999	0.8175759	0.8207506	0.8005705	0.7991503	0.8020307	0.8000485	0.7986156	0.8014213
17	0.9	neg	HI	0.8041872	0.8015574	0.8067643	0.8042992	0.8020983	0.8064148	0.8103677	0.8079783	0.8128337	0.8102534	0.8078932	0.8126085	0.7986508	0.7968665	0.8007263	0.7983993	0.7960299	0.8010014
17	0.9	pos	CGF	0.7020037	0.6989436	0.7047691	0.7018762	0.6991464	0.7044590	0.7135386	0.7105180	0.7160576	0.7136416	0.7103528	0.7167917	0.7993936	0.7981710	0.8007211	0.6900381	0.6874512	0.6927316
17	0.9	pos	HI	0.7336799	0.7315284	0.7356260	0.7334321	0.7318597	0.7353122	0.7409005	0.7387098	0.7428093	0.7408001	0.7391985	0.7425582	0.7994917	0.7983389	0.8005226	0.7274507	0.7256903	0.7288908
18	0.0	neg	CGF	0.8017483	0.8000749	0.8040354	0.8015254	0.7999354	0.8031946	0.8028221	0.8009930	0.8050638	0.8029679	0.8012776	0.8049838	0.7999785	0.7985655	0.8015368	0.7998606	0.7982986	0.8016107
18	0.0	neg	HI	0.8019965	0.8007058	0.8035596	0.8018582	0.8005443	0.8032202	0.8019939	0.8003713	0.8035201	0.8020259	0.8004912	0.8033876	0.8015522	0.7999040	0.8027071	0.8016256	0.8002671	0.8029756
18	0.0	pos	CGF	0.7855413	0.7841352	0.7867654	0.7854175	0.7841461	0.7866368	0.7866862	0.7853237	0.7880834	0.7865329	0.7849286	0.7879030	0.7992829	0.7977034	0.8010558	0.7908086	0.7891295	0.7920063
18	0.0	pos	HI	0.8001824	0.7988033	0.8016649	0.8002422	0.7987793	0.8021529	0.8002304	0.7988706	0.8019492	0.8002077	0.7985804	0.8016059	0.8010448	0.7996918	0.8021733	0.8010160	0.7998129	0.8020508
18	0.9	neg	CGF	0.8062636	0.8044982	0.8074909	0.8062731	0.8048577	0.8074278	0.8149626	0.8134157	0.8161237	0.8147451	0.8131659	0.8164537	0.7973347	0.7961225	0.7992046	0.7969411	0.7954755	0.7986250
18	0.9	neg	HI	0.8043963	0.8027877	0.8061017	0.8044181	0.8023922	0.8063912	0.8099299	0.8082371	0.8118070	0.8098009	0.8080460	0.8117497	0.7994758	0.7982588	0.8005480	0.7993281	0.7983232	0.8003910
18	0.9	pos	CGF	0.7062829	0.7040929	0.7087252	0.7062220	0.7035282	0.7088916	0.7178416	0.7151961	0.7202037	0.7177669	0.7152996	0.7206163	0.7992733	0.7980196	0.8003022	0.6934794	0.6914012	0.6952840
18	0.9	pos	HI	0.7386184	0.7352282	0.7415049	0.7386765	0.7358394	0.7414358	0.7456228	0.7426351	0.7482733	0.7458881	0.7429469	0.7492493	0.8005232	0.7979152	0.8023201	0.7327950	0.7305829	0.7350335
19	0.0	neg	CGF	0.8019701	0.8002255	0.8034937	0.8021919	0.8008883	0.8034413	0.8031314	0.8009527	0.8045623	0.8031427	0.8017004	0.8043388	0.8001732	0.7984746	0.8014800	0.7999705	0.7978468	0.8018597
19	0.0	neg	HI	0.8013843	0.7989128	0.8038365	0.8012968	0.7990043	0.8036591	0.8013436	0.7988440	0.8039996	0.8013705	0.7987233	0.8035500	0.7997643	0.7976375	0.8017730	0.8000032	0.7981586	0.8020274
19	0.0	pos	CGF	0.7872075	0.7852197	0.7901058	0.7872268	0.7849514	0.7896089	0.7884866	0.7864110	0.7914774	0.7884452	0.7863063	0.7909983	0.7997172	0.7978560	0.8016288	0.7932479	0.7908131	0.7955623
19	0.0	pos	HI	0.7982173	0.7966333	0.8003680	0.7983454	0.7967701	0.8002582	0.7983680	0.7967086	0.8005014	0.7984507	0.7964894	0.8005757	0.7993218	0.7978031	0.8005789	0.7991877	0.7978932	0.8005716
19	0.9	neg	CGF	0.8089258	0.8074081	0.8103924	0.8089814	0.8075181	0.8104976	0.8172349	0.8159209	0.8186082	0.8172846	0.8160784	0.8186496	0.8001594	0.7990541	0.8016283	0.7997508	0.7986704	0.8007955
19	0.9	neg	HI	0.8061805	0.8041156	0.8086940	0.8067028	0.8042830	0.8089954	0.8117722	0.8092932	0.8141005	0.8116297	0.8099846	0.8141199	0.8004835	0.7991491	0.8019878	0.8002617	0.7989421	0.8015141
19	0.9	pos	CGF	0.7091179	0.7067113	0.7119677	0.7091141	0.7063410	0.7119066	0.7202979	0.7177592	0.7235338	0.7199708	0.7172282	0.7224180	0.7999771	0.7984321	0.8011954	0.6960876	0.6936186	0.6992828
19	0.9	pos	HI	0.7402028	0.7389164	0.7418127	0.7401978	0.7389241	0.7415705	0.7467741	0.7457727	0.7481783	0.7466942	0.7457137	0.7478318	0.8008896	0.7993752	0.8030804	0.7359778	0.7330916	0.7384659
20	0.0	neg	CGF	0.8021751	0.8002537	0.8039436	0.8023201	0.8005713	0.8041721	0.8031338	0.8010135	0.8051382	0.8030940	0.8012041	0.8050323	0.8006586	0.7991661	0.8022043	0.8006295	0.7992053	0.8021531
20	0.0	neg	HI	0.8001356	0.7978714	0.8024679	0.8002048	0.7978633	0.8024550	0.8003720	0.7980036	0.8035152	0.8000749	0.7975562	0.8029261	0.8003441	0.7983008	0.8026923	0.8003844	0.7984324	0.8023433
20	0.0	pos	CGF	0.7886223	0.7854503	0.7925584	0.7888705	0.7859857	0.7921290	0.7896433	0.7867952	0.7926711	0.7895167	0.7866764	0.7929016	0.7999874	0.7978857	0.8024231	0.7934522	0.7912061	0.7960389
20	0.0	pos	HI	0.8005283	0.7993868	0.8016477	0.8003994	0.7993130	0.8016077	0.8005363	0.7993741	0.8016486	0.8003802	0.7992803	0.8016023	0.8006261	0.7995422	0.8017553	0.8006157	0.7994842	0.8017734
20	0.9	neg	CGF	0.8085437	0.8054050	0.8119812	0.8086885	0.8053094	0.8127803	0.8163979	0.8133459	0.8197676	0.8165168	0.8136726	0.8197949	0.7988878	0.7963515	0.8014581	0.7983590	0.7959540	0.8013075
20	0.9	neg	HI	0.8059107	0.8043938	0.8073183	0.8060974	0.8041950	0.8077307	0.8113295	0.8096560	0.8129216	0.8110765	0.8094416	0.8125967	0.8016594	0.8004047	0.8025265	0.8013490	0.8001749	0.8022585
20	0.9	pos	CGF	0.7099162	0.7066442	0.7125482	0.7101425	0.7068124	0.7133336	0.7206641	0.7175468	0.7236175	0.7205896	0.7177623	0.7231995	0.7997312	0.7976878	0.8015799	0.6985582	0.6965269	0.7010932
20	0.9	pos	HI	0.7435900	0.7408872	0.7456986	0.7435101	0.7412490	0.7457916	0.7498354	0.7473156	0.7525536	0.7497447	0.7475913	0.7521385	0.7997001	0.7985038	0.8012413	0.7389593	0.7367672	0.7410011
